52 1326
Sommets du graphe
0 0.314869 0.487179 sommet1
1 0.000000 0.153846 sommet2
2 0.186589 0.636752 sommet3
3 0.536443 0.581197 sommet4
4 0.478134 0.555556 sommet5
5 0.498542 0.559829 sommet6
6 0.000000 0.192308 sommet7
7 0.291545 0.850427 sommet8
8 0.323615 1.000000 sommet9
9 0.364431 0.961538 sommet10
10 0.921283 0.525641 sommet11
11 0.696793 0.491453 sommet12
12 0.839650 0.166667 sommet13
13 0.877551 0.000000 sommet14
14 0.478134 0.576923 sommet15
15 0.408163 0.311966 sommet16
16 0.069971 0.564103 sommet17
17 0.227405 0.538462 sommet18
18 0.282799 0.743590 sommet19
19 0.311953 0.307692 sommet20
20 0.160350 0.393162 sommet21
21 0.288630 0.495726 sommet22
22 0.265306 0.350427 sommet23
23 0.472303 0.529915 sommet24
24 0.553936 0.491453 sommet25
25 0.693878 0.205128 sommet26
26 0.755102 0.264957 sommet27
27 0.714286 0.337607 sommet28
28 0.370262 0.149573 sommet29
29 0.224490 0.209402 sommet30
30 0.230321 0.470085 sommet31
31 0.320700 0.564103 sommet32
32 0.655977 0.987179 sommet33
33 0.393586 0.491453 sommet34
34 0.384840 0.504274 sommet35
35 0.384840 0.517094 sommet36
36 0.434402 0.517094 sommet37
37 0.448980 0.547009 sommet38
38 0.405248 0.538462 sommet39
39 0.428571 0.551282 sommet40
40 0.262391 0.816239 sommet41
41 0.040816 0.217949 sommet42
42 0.495627 0.782051 sommet43
43 0.393586 0.423077 sommet44
44 0.309038 0.692308 sommet45
45 0.469388 0.410256 sommet46
46 0.667638 0.051282 sommet47
47 0.469388 0.517094 sommet48
48 0.338192 0.529915 sommet49
49 0.332362 0.303419 sommet50
50 0.766764 0.615385 sommet51
51 1.000000 0.205128 sommet52
Arêtes du graphe : noeud1 noeud2 valeur
0 51 1220.460978
0 50 789.382670
0 49 217.082933
0 48 64.031242
0 47 267.301328
0 46 791.280608
0 45 279.866039
0 44 240.208243
0 43 154.434452
0 42 463.815696
0 41 565.795900
0 40 395.379564
0 39 208.925824
0 38 166.207701
0 37 240.416306
0 36 207.966343
0 35 125.000000
0 34 121.655251
0 33 135.092561
0 32 827.314934
0 31 90.553851
0 30 146.372812
0 29 360.069438
0 28 406.263461
0 27 707.000707
0 26 798.514245
0 25 728.971879
0 24 410.030487
0 23 274.590604
0 22 181.176709
0 21 46.097722
0 20 286.923335
0 19 210.059515
0 18 305.000000
0 17 161.554944
0 16 429.534632
0 15 260.048072
0 14 299.040131
0 13 1120.769825
0 12 975.000000
0 11 655.019084
0 10 1040.973102
0 9 561.471282
0 8 600.187471
0 7 426.878203
0 6 640.800281
0 5 326.266762
0 4 291.204396
0 3 395.600809
0 2 281.113856
0 1 666.108099
1 51 1716.049242
1 50 1421.557245
1 49 596.259172
1 48 728.010989
1 47 910.302148
1 46 1151.271037
1 45 859.083814
1 44 823.286099
1 43 744.882541
1 42 1123.710372
1 41 102.591423
1 40 896.172416
1 39 869.741341
1 38 827.964371
1 37 896.939240
1 36 857.700414
1 35 785.000000
1 34 776.981338
1 33 782.080559
1 32 1488.707493
1 31 730.000000
1 30 541.225461
1 29 390.448460
1 28 635.019685
1 27 1243.724246
1 26 1301.508740
1 25 1191.511645
1 24 1028.846441
1 23 921.791734
1 22 509.828403
1 21 636.415745
1 20 392.460189
1 19 564.468777
1 18 843.400854
1 17 595.482997
1 16 494.772675
1 15 724.033839
1 14 957.823053
1 13 1515.725899
1 12 1440.078123
1 11 1258.590481
1 10 1638.787662
1 9 1132.982789
1 8 1134.955946
1 7 956.151139
1 6 45.000000
1 5 978.084863
1 4 945.145491
1 3 1047.091209
1 2 649.326574
2 51 1483.593610
2 50 995.314021
2 49 463.249393
2 48 288.487435
2 47 504.801941
2 46 1072.310589
2 45 552.675312
2 44 219.829479
2 43 434.194657
2 42 556.596802
2 41 550.090902
2 40 246.981781
2 39 426.878203
2 38 392.237173
2 37 462.087654
2 36 447.465082
2 35 367.695526
2 34 373.664288
2 33 393.605132
2 32 903.396369
2 31 245.203997
2 30 208.925824
2 29 504.207299
2 28 651.248800
2 27 970.322111
2 26 1067.637579
2 25 1005.944830
2 24 652.533524
2 23 505.692594
2 22 361.178626
2 21 240.520269
2 20 288.530761
2 19 440.964851
2 18 207.002415
2 17 134.629120
2 16 217.313138
2 15 537.401154
2 14 504.876222
2 13 1399.732117
2 12 1247.757989
2 11 891.361318
2 10 1266.688596
2 9 487.262763
2 8 485.643902
2 7 308.058436
2 6 610.573501
2 5 542.517281
2 4 508.944987
2 3 603.510563
3 51 908.639092
3 50 397.020151
3 49 477.624329
3 48 345.253530
3 47 137.295302
3 46 659.564250
3 45 230.705440
3 44 411.096096
3 43 307.001629
3 42 245.203997
3 41 950.328890
3 40 544.541091
3 39 188.281704
3 38 230.488611
3 37 155.241747
3 36 190.394328
3 35 270.601183
3 34 275.136330
3 33 266.552059
3 32 517.349012
3 31 370.540146
3 30 540.855803
3 29 689.528825
3 28 579.870675
3 27 417.432629
3 26 526.806416
3 25 516.236380
3 24 109.201648
3 23 125.299641
3 22 537.703450
3 21 436.606230
3 20 681.487344
3 19 500.624610
3 18 474.684105
3 17 532.353266
3 16 800.249961
3 15 384.219989
3 14 100.124922
3 13 897.008919
3 12 711.073133
3 11 294.363721
3 10 663.193034
3 9 533.900740
3 8 611.003273
3 7 525.000000
3 6 1026.364945
3 5 69.641941
3 4 104.403065
4 51 984.441466
4 50 499.924994
4 49 386.684626
4 48 241.867732
4 47 47.434165
4 46 673.591122
4 45 170.660482
4 44 331.209903
4 43 212.249853
4 42 266.692707
4 41 847.658540
4 40 479.504953
4 39 85.146932
4 38 126.589889
4 37 50.990195
4 36 87.464278
4 35 166.207701
4 34 170.880075
4 33 163.248277
4 32 589.957626
4 31 270.185122
4 30 436.606230
4 29 594.348383
4 28 509.754843
4 27 478.591684
4 26 584.144674
4 25 552.268051
4 24 150.083310
4 23 31.622777
4 22 436.835209
4 21 332.453004
4 20 577.169819
4 19 406.601771
4 18 400.780489
4 17 430.464865
4 16 700.071425
4 15 309.232922
4 14 25.000000
4 13 944.311919
4 12 769.041611
4 11 382.426464
4 10 760.805494
4 9 513.468597
4 8 583.630876
4 7 470.558179
4 6 923.593525
4 5 35.355339
5 51 954.895282
5 50 464.569693
5 49 413.793427
5 48 277.218326
5 47 70.710678
5 46 661.910115
5 45 182.002747
5 44 360.069438
5 43 240.831892
5 42 260.048072
5 41 881.036322
5 40 504.008928
5 39 120.415946
5 38 161.941347
5 37 86.313383
5 36 120.830460
5 35 201.308221
5 34 205.548048
5 33 196.977156
5 32 568.242906
5 31 305.040981
5 30 471.831538
5 29 623.698645
5 28 528.015151
5 27 452.216762
5 26 559.128787
5 25 533.338542
5 24 124.197423
5 23 57.008771
5 22 469.068225
5 21 367.729520
5 20 611.902770
5 19 435.229824
5 18 427.931069
5 17 465.671558
5 16 735.017007
5 15 328.823661
5 14 40.311289
5 13 922.781122
5 12 744.194195
5 11 349.284984
5 10 726.102610
5 9 523.259018
5 8 596.007550
5 7 491.553659
5 6 957.039707
6 51 1715.065596
6 50 1405.080069
6 49 584.636639
6 48 701.730005
6 47 890.182566
6 46 1156.827558
6 45 844.422880
6 44 789.382670
6 43 726.997249
6 42 1094.805919
6 41 76.157731
6 40 857.554663
6 39 846.537064
6 38 804.394182
6 37 874.714239
6 36 836.316328
6 35 761.577311
6 34 754.204879
6 33 760.345316
6 32 1459.631803
6 31 701.231060
6 30 511.517351
6 29 385.519131
6 28 636.965462
6 27 1236.739665
6 26 1297.786577
6 25 1190.094534
6 24 1012.422837
6 23 901.179782
6 22 491.172068
6 21 609.138736
6 20 361.731945
6 19 551.769880
6 18 807.000620
6 17 562.249944
6 16 451.248269
6 15 713.862732
6 14 935.360893
6 13 1521.725994
6 12 1440.312466
6 11 1245.200787
6 10 1627.421273
6 9 1095.730350
6 8 1095.924267
6 7 918.095856
7 51 1430.471950
7 50 860.145337
7 49 643.816744
7 48 383.438391
7 47 495.101000
7 46 1135.891720
7 45 598.539890
7 44 187.416648
7 43 529.740503
7 42 359.026461
7 41 855.862138
7 40 64.031242
7 39 421.574430
7 38 413.823634
7 37 446.010090
7 36 460.570299
7 35 421.544778
7 34 435.459527
7 33 455.000000
7 32 645.155020
7 31 338.710791
7 30 457.219860
7 29 758.765445
7 28 831.038507
7 27 941.076511
7 26 1049.404593
7 25 1022.802522
7 24 615.548536
7 23 486.543934
7 22 586.728216
7 21 415.030119
7 20 580.387801
7 19 635.963835
7 18 125.896783
7 17 381.215162
7 16 506.581681
7 15 660.984115
7 14 452.548340
7 13 1414.231240
7 12 1234.341930
7 11 812.049875
7 10 1144.901743
7 9 180.346888
7 8 183.439363
8 51 1486.775033
8 50 883.232699
8 49 815.138025
8 48 550.567889
8 47 617.838976
8 46 1257.060062
8 45 733.893725
8 44 360.867012
8 43 685.583693
8 42 389.935892
8 41 1035.591618
8 40 239.269722
8 39 555.000000
8 38 557.853027
8 37 571.948424
8 36 596.091436
8 35 574.673821
8 34 589.427689
8 33 606.980230
8 32 570.197334
8 31 510.024509
8 30 640.312424
8 29 940.491893
8 28 998.210900
8 27 1024.463274
8 26 1134.548368
8 25 1126.110563
8 24 714.177849
8 23 606.238402
8 22 766.550716
8 21 593.043000
8 20 763.216876
8 19 810.246876
8 18 308.058436
8 17 564.645907
8 16 670.317089
8 15 817.954766
8 14 561.471282
8 13 1507.116452
8 12 1316.757381
8 11 873.856396
8 10 1165.611428
8 9 83.216585
9 51 1404.038817
9 50 800.078121
9 49 771.961787
9 48 507.000986
9 47 550.272660
9 46 1185.168764
9 45 669.645429
9 44 329.013678
9 43 631.981012
9 42 307.774268
9 41 1031.952034
9 40 243.977458
9 39 492.442890
9 38 499.924994
9 37 506.211418
9 36 533.666563
9 35 521.176554
9 34 536.143637
9 33 552.268051
9 32 500.899191
9 31 471.009554
9 30 619.293953
9 29 912.140340
9 28 950.052630
9 27 944.933860
9 26 1055.047392
9 25 1049.976190
9 24 638.846617
9 23 537.819672
9 22 734.931970
9 21 560.290103
9 20 751.481869
9 19 770.275925
9 18 290.903764
9 17 547.950728
9 16 686.476511
9 15 763.691692
9 14 490.433482
9 13 1428.294437
9 12 1236.577939
9 11 792.085854
9 10 1082.647219
10 51 398.559908
10 50 285.043856
10 49 1042.928569
10 48 1000.012500
10 47 775.064513
10 46 705.159556
10 45 786.670198
10 44 1067.953651
10 43 912.921136
10 42 789.240141
10 41 1552.320843
10 40 1180.042372
10 39 845.532377
10 38 885.127110
10 37 810.385711
10 36 835.059878
10 35 920.054346
10 34 920.339611
10 33 905.883547
10 32 706.133840
10 31 1030.982541
10 30 1186.781361
10 29 1250.969624
10 28 1042.413066
10 27 417.642191
10 26 417.432629
10 25 541.040664
10 24 631.268564
10 23 770.016234
10 22 1143.525251
10 21 1085.564369
10 20 1314.172744
10 19 1075.662587
10 18 1124.299782
10 17 1190.094534
10 16 1460.693329
10 15 914.822387
10 14 762.364742
10 13 619.556293
10 12 442.718872
10 11 387.072345
11 51 618.566892
11 50 188.215302
11 49 662.589617
11 48 616.644144
11 47 391.152144
11 46 517.421492
11 45 401.403787
11 44 705.301354
11 43 526.117858
11 42 484.381048
11 41 1169.626009
11 40 836.316328
11 39 465.295605
11 38 503.015904
11 37 429.941857
11 36 450.998891
11 35 535.840461
11 34 535.210239
11 33 520.000000
11 32 584.208867
11 31 650.576667
11 30 800.390530
11 29 874.642784
11 28 688.186021
11 27 182.482876
11 26 283.240181
11 25 335.037311
11 24 245.000000
11 23 387.620949
11 22 758.172144
11 21 700.017857
11 20 927.159641
11 19 694.136154
11 18 768.846539
11 17 806.876694
11 16 1078.355229
11 15 537.703450
11 14 388.104367
11 13 653.241915
11 12 452.133830
12 51 278.657496
12 50 539.675829
12 49 884.590301
12 48 959.283587
12 47 755.860437
12 46 324.422564
12 45 696.024425
12 44 1098.328275
12 43 821.720755
12 42 930.859818
12 41 1371.313239
12 40 1248.078523
12 39 836.376112
12 38 862.699252
12 37 804.316480
12 36 806.923169
12 35 881.192374
12 34 874.314017
12 33 854.180894
12 32 1010.358847
12 31 1004.153873
12 30 1103.653025
12 29 1056.184170
12 28 805.248409
12 27 293.640937
12 26 185.067555
12 25 254.017716
12 24 620.080640
12 23 759.950656
12 22 1008.191450
12 21 1020.416582
12 20 1194.759390
12 19 919.918475
12 18 1169.465690
12 17 1136.540804
12 16 1399.508842
12 15 759.275971
12 14 784.091831
12 13 205.548048
13 51 318.904374
13 50 744.647568
13 49 1000.124992
13 48 1113.564098
13 47 925.216191
13 46 364.965752
13 45 848.763807
13 44 1267.566566
13 43 966.397951
13 42 1125.277743
13 41 1457.480703
13 40 1423.042515
13 39 1004.452587
13 38 1026.157883
13 37 974.589657
13 36 971.403624
13 35 1039.254541
13 34 1030.594489
13 33 1009.715306
13 32 1215.905013
13 31 1160.872517
13 30 1238.789732
13 29 1146.483755
13 28 887.426053
13 27 484.174555
13 26 374.432905
13 25 396.011363
13 24 799.155805
13 23 931.356538
13 22 1127.208942
13 21 1164.688800
13 20 1313.202193
13 19 1034.649699
13 18 1340.634178
13 17 1280.673651
13 16 1534.218042
13 15 883.883476
13 14 961.691219
14 51 995.113059
14 50 497.041246
14 49 406.078810
14 48 246.221445
14 47 71.589105
14 46 695.593272
14 45 195.576072
14 44 319.882791
14 43 231.138487
14 42 241.867732
14 41 859.592927
14 40 464.004310
14 39 90.138782
14 38 132.853303
14 37 61.032778
14 36 102.591423
14 35 174.642492
14 34 181.176709
14 33 176.139150
14 32 568.704669
14 31 270.416346
14 30 443.001129
14 29 611.657584
14 28 533.127564
14 27 492.366733
14 26 599.040900
14 25 571.073550
14 24 164.012195
14 23 55.901699
14 22 451.054320
14 21 338.600059
14 20 585.875413
14 19 424.794068
14 18 387.620949
14 17 432.348239
14 16 700.160696
14 15 332.415403
15 51 1022.668079
15 50 710.105626
15 49 130.384048
15 48 281.824413
15 47 261.963738
15 46 539.490500
15 45 155.724115
15 44 476.366456
15 43 132.382023
15 42 570.087713
15 41 639.531078
15 40 640.780774
15 39 282.179021
15 38 265.047166
15 37 283.769272
15 36 244.182309
15 35 243.310501
15 34 228.527898
15 33 211.482860
15 32 897.064658
15 31 330.945615
15 30 356.721180
15 29 337.083076
15 28 200.810856
15 27 525.856444
15 26 597.536610
15 25 505.692594
15 24 326.496554
15 23 277.713882
15 22 249.098374
15 21 297.069016
15 20 435.488232
15 19 165.075740
15 18 548.862460
15 17 407.829621
15 16 650.711149
16 51 1649.371092
16 50 1196.505328
16 49 543.622111
16 48 461.735855
16 47 687.204482
16 46 1187.697352
16 45 708.254898
16 44 436.577599
16 43 579.007772
16 42 773.256102
16 41 408.074748
16 40 442.634160
16 39 615.182900
16 38 575.782077
16 37 650.307620
16 36 627.415333
16 35 542.793699
16 34 544.518136
16 33 561.471282
16 32 1120.290141
16 31 430.000000
16 30 296.184064
16 29 492.392120
16 28 707.424908
16 27 1136.331818
16 26 1226.019984
16 25 1149.478142
16 24 834.341057
16 23 691.158448
16 22 418.001196
16 21 383.438391
16 20 253.031619
16 19 512.079095
16 18 421.099751
16 17 271.661554
17 51 1381.204185
17 50 929.368065
17 49 328.671569
17 48 190.262976
17 47 415.752330
17 46 946.004757
17 45 441.276557
17 44 228.035085
17 43 315.356941
17 42 541.133071
17 41 492.975659
17 40 330.492057
17 39 345.325933
17 38 305.000000
17 37 380.131556
17 36 355.879193
17 35 271.154937
17 34 272.946881
17 33 290.258505
17 32 903.244153
17 31 162.788206
17 30 80.156098
17 29 385.032466
17 28 516.768807
17 27 867.438759
17 26 959.908850
17 25 890.000000
17 24 562.694411
17 23 420.119031
17 22 229.401395
17 21 116.297033
17 20 205.243758
17 19 306.471858
17 18 258.118190
18 51 1381.955137
18 50 843.445315
18 49 521.967432
18 48 267.441582
18 47 415.481648
18 46 1044.844486
18 45 504.479930
18 44 75.000000
18 43 420.386727
18 42 367.763511
18 41 741.923177
18 40 91.923882
18 39 336.340601
18 38 318.904374
18 37 366.230802
18 36 371.247896
18 35 317.568890
18 34 330.189340
18 33 350.891721
18 32 700.589038
18 31 219.829479
18 30 332.415403
18 29 632.949445
18 28 711.002813
18 27 879.332133
18 26 984.733466
18 25 945.476071
18 24 550.681396
18 23 410.030487
18 22 460.977223
18 21 290.172363
18 20 460.651712
18 19 512.445119
19 51 1186.086000
19 50 859.069264
19 49 35.355339
19 48 263.865496
19 47 364.588809
19 46 679.779376
19 45 295.465734
19 44 450.027777
19 43 194.486503
19 42 638.161422
19 41 476.707457
19 40 601.040764
19 39 348.173807
19 38 313.847097
19 37 365.547535
19 36 322.684056
19 35 275.045451
19 34 261.772802
19 33 256.563832
19 32 990.012626
19 31 300.374766
19 30 236.008474
19 29 189.010582
19 28 210.297408
19 27 690.887111
19 26 761.642961
19 25 665.901644
19 24 467.386350
19 23 378.450789
19 22 94.339811
19 21 223.606798
19 20 278.567766
20 51 1456.708619
20 50 1072.007463
20 49 313.129366
20 48 344.419802
20 47 549.477024
20 46 957.548954
20 45 530.377224
20 44 433.041568
20 43 401.528330
20 42 733.246207
20 41 289.913780
20 40 525.023809
20 39 495.807422
20 38 453.100430
20 37 526.711496
20 36 491.858720
20 35 411.400049
20 34 406.355755
20 33 416.203075
20 32 1097.964025
20 31 340.036763
20 30 150.000000
20 29 241.505694
20 28 459.156836
20 27 952.221088
20 26 1030.970417
20 25 941.076511
20 24 684.726223
20 23 558.412930
20 22 186.815417
20 21 250.599282
21 51 1266.491216
21 50 831.865374
21 49 237.170825
21 48 93.941471
21 47 311.006431
21 46 832.406151
21 45 325.729949
21 44 232.647802
21 43 199.060292
21 42 488.108594
21 41 535.023364
21 40 377.690349
21 39 248.646335
21 38 206.155281
21 37 281.469359
21 36 251.246891
21 35 166.883193
21 34 165.302753
21 33 180.069431
21 32 852.950761
21 31 97.082439
21 30 104.403065
21 29 352.597504
21 28 428.514877
21 27 753.077021
21 26 844.334057
21 25 773.708601
21 24 455.027472
21 23 317.529526
21 22 174.642492
22 51 1271.416533
22 50 914.166287
22 49 127.475488
22 48 244.386988
22 47 400.655713
22 46 773.692445
22 45 356.931366
22 44 406.970515
22 43 235.849528
22 42 641.131812
22 41 415.030119
22 40 545.022935
22 39 365.547535
22 38 325.576412
22 37 390.032050
22 36 349.463875
22 35 282.931087
22 34 272.809457
22 33 275.000000
22 32 1001.960578
22 31 267.441582
22 30 152.315462
22 29 179.234483
22 28 296.015202
22 27 770.146090
22 26 845.931439
22 25 754.403738
22 24 521.775814
22 23 412.462119
23 51 981.542154
23 50 514.805789
23 49 357.526223
23 48 230.000000
23 47 15.811388
23 46 652.552680
23 45 140.089257
23 44 338.378486
23 43 183.983695
23 42 297.699513
23 41 825.121203
23 40 491.757054
23 39 79.056942
23 38 115.433964
23 37 44.721360
23 36 66.708320
23 35 150.748134
23 34 152.970585
23 33 142.302495
23 32 620.846197
23 31 263.058929
23 30 420.862210
23 29 566.789202
23 28 478.173609
23 27 472.069910
23 26 575.608374
23 25 537.401154
23 24 147.054412
24 51 835.134720
24 50 392.746738
24 49 439.089968
24 48 372.726441
24 47 148.070929
24 46 550.681396
24 45 173.349358
24 44 481.274350
24 43 286.400070
24 42 354.400903
24 41 936.375993
24 40 628.012739
24 39 226.108381
24 38 260.863949
24 37 191.376592
24 36 207.183494
24 35 291.547595
24 34 290.387672
24 33 275.000000
24 32 605.825883
24 31 408.931535
24 30 555.562778
24 29 654.312616
24 28 509.141434
24 27 328.671569
24 26 435.028735
24 25 412.098289
25 51 525.000000
25 50 496.009072
25 49 630.575134
25 48 718.679344
25 47 530.518614
25 46 185.539753
25 45 453.679402
25 44 872.066511
25 43 574.673821
25 42 755.794284
25 41 1120.100442
25 40 1028.992225
25 39 609.138736
25 38 630.178546
25 37 580.000000
25 36 575.543222
25 35 643.525446
25 34 635.137780
25 33 614.369596
25 32 917.305838
25 31 765.506368
25 30 853.302408
25 29 805.015528
25 28 558.793343
25 27 158.902486
25 26 126.194295
26 51 425.793377
26 50 410.487515
26 49 726.395209
26 48 779.310593
26 47 571.948424
26 46 291.547595
26 45 518.652099
26 44 913.906450
26 43 647.012365
26 42 751.032622
26 41 1226.234072
26 40 1063.038099
26 39 652.552680
26 38 680.000000
26 37 620.100798
26 36 624.119380
26 35 700.178549
26 34 693.992075
26 33 674.258852
26 32 861.930972
26 31 823.119068
26 30 931.450482
26 29 912.318475
26 28 673.665347
26 27 110.113578
27 51 513.930929
27 50 337.231375
27 49 656.220237
27 48 683.117852
27 47 469.574275
27 46 344.419802
27 45 428.514877
27 44 809.475139
27 43 559.016994
27 42 641.112315
27 41 1163.453910
27 40 956.151139
27 39 550.090902
27 38 579.762883
27 37 516.768807
27 36 523.927476
27 35 602.764465
27 34 597.703940
27 33 578.705452
27 32 766.550716
27 31 725.155156
27 30 844.348862
27 29 853.287759
27 28 629.682460
28 51 1081.954250
28 50 871.449941
28 49 191.376592
28 48 448.385994
28 47 462.385121
28 46 522.804935
28 45 349.177605
28 44 643.622560
28 43 322.490310
28 42 770.600415
28 41 570.635611
28 40 801.638946
28 39 480.520551
28 38 458.938994
28 37 484.200372
28 36 443.846820
28 35 430.726131
28 34 415.752330
28 33 401.995025
28 32 1095.673309
28 31 492.392120
28 30 445.224662
28 29 259.615100
29 51 1330.009398
29 50 1044.282050
29 49 215.232433
29 48 422.670084
29 47 553.172667
29 46 782.192432
29 45 481.274350
29 44 583.309523
29 43 382.883794
29 42 815.551960
29 41 315.158690
29 40 712.969144
29 39 531.507291
29 38 494.292424
29 37 551.588615
29 36 509.116882
29 35 453.017660
29 34 441.191568
29 33 439.317653
29 32 1172.902383
29 31 446.598253
29 30 305.163890
30 51 1355.912977
30 50 935.574690
30 49 262.011450
30 48 197.800404
30 47 413.672576
30 46 895.879456
30 45 415.932687
30 44 292.959042
30 43 285.350661
30 42 583.309523
30 41 438.919127
30 40 408.717506
30 39 353.022662
30 38 310.483494
30 37 385.648804
30 36 354.295075
30 35 270.647372
30 34 268.001866
30 33 281.113856
30 32 948.116554
30 31 190.065778
31 51 1238.396140
31 50 767.349334
31 49 305.655034
31 48 50.000000
31 47 260.863949
31 46 845.000000
31 45 312.129781
31 44 151.327460
31 43 207.002415
31 42 393.732142
31 41 628.032642
31 40 311.488363
31 39 185.607112
31 38 148.070929
31 37 220.907220
31 36 202.607996
31 35 122.983739
31 34 130.384048
31 33 151.162165
31 32 758.716021
32 51 1088.726320
32 50 474.684105
32 49 973.665754
32 48 763.708059
32 47 636.317531
32 46 1095.182633
32 45 747.010709
32 44 687.786304
32 43 798.811617
32 42 365.000000
32 41 1386.731769
32 40 704.006392
32 39 642.028037
32 38 678.619923
32 37 625.499800
32 36 668.505797
32 35 720.225659
32 34 731.744491
32 33 734.098086
33 51 1092.622991
33 50 656.220237
33 49 243.772435
33 48 105.118980
33 47 133.416641
33 46 697.226649
33 45 161.012422
33 44 276.134025
33 43 80.000000
33 42 382.393776
33 41 684.415809
33 40 441.616349
33 39 92.195445
33 38 58.523500
33 37 115.108644
33 36 76.157731
33 35 33.541020
33 34 21.213203
34 51 1111.541722
34 50 667.776160
34 49 251.644591
34 48 85.440037
34 47 145.773797
34 46 718.418402
34 45 182.002747
34 44 255.538647
34 43 96.176920
34 42 376.463810
34 41 678.472549
34 40 421.099751
34 39 93.005376
34 38 53.150729
34 37 120.830460
34 36 86.313383
34 35 15.000000
35 51 1116.355678
35 50 665.018797
35 49 265.706605
35 48 81.394103
35 47 145.000000
35 46 729.554659
35 45 191.441897
35 44 242.744722
35 43 111.018017
35 42 363.593179
35 41 686.002915
35 40 408.166633
35 39 85.000000
35 38 43.011626
35 37 115.433964
35 36 85.000000
36 51 1036.400019
36 50 581.485167
36 49 305.163890
36 48 165.680415
36 47 60.000000
36 46 676.036242
36 45 138.654246
36 44 297.069016
36 43 130.384048
36 42 327.299557
36 41 760.345316
36 40 457.739009
36 39 41.231056
36 38 55.901699
36 37 43.011626
37 51 1026.170064
37 50 550.840267
37 49 348.173807
37 48 191.049732
37 47 49.497475
37 46 690.669965
37 45 163.783394
37 44 294.108823
37 43 173.349358
37 42 286.400070
37 41 798.889855
37 40 449.026725
37 39 35.355339
37 38 75.663730
38 51 1092.016483
38 50 626.498204
38 49 302.076149
38 48 115.433964
38 47 112.805142
38 46 726.223106
38 45 186.010752
38 44 244.182309
38 43 136.473441
38 42 324.422564
38 41 728.868987
38 40 407.001228
38 39 42.720019
39 51 1060.389080
39 50 584.829035
39 49 333.654012
39 48 157.003185
39 47 80.622577
39 46 714.370352
39 45 179.234483
39 44 263.153947
39 43 161.554944
39 42 293.470612
39 41 770.924769
39 40 421.099751
40 51 1453.082929
40 50 896.353725
40 49 611.882342
40 48 359.339672
40 47 498.522818
40 46 1133.159300
40 45 593.000843
40 44 165.604952
40 43 512.079095
40 42 401.995025
40 41 796.492310
41 51 1645.068388
41 50 1329.003386
41 49 509.901951
41 48 627.156280
41 47 814.079234
41 46 1092.542905
41 45 768.667679
41 44 720.850192
41 43 650.864809
41 42 1021.763182
42 51 1097.200984
42 50 504.232089
42 49 626.099034
42 48 399.906239
42 47 313.249102
42 46 904.461166
42 45 437.321392
42 44 336.786282
42 43 455.000000
43 51 1070.805771
43 50 678.398850
43 49 175.000000
43 48 157.003185
43 47 170.293864
43 46 640.410025
43 45 130.862523
43 44 346.770818
44 51 1314.961977
44 50 790.142392
44 49 456.754858
44 48 196.468827
44 47 343.001458
44 46 969.909790
44 45 429.563732
45 51 941.116358
45 50 563.648827
45 49 266.176633
45 48 265.000000
45 47 125.000000
45 46 540.370243
46 51 597.745765
46 50 681.542368
46 49 646.258462
46 48 795.502986
46 47 642.358934
47 51 980.471825
47 50 522.804935
47 49 343.110769
47 48 225.499446
48 51 1196.923139
48 50 741.771528
48 49 265.188612
49 51 1150.760618
49 50 829.608341
50 51 624.819974
