38 703
Sommets du graphe
0 0.000000 0.175320 sommet1
1 0.063970 0.353931 sommet2
2 0.079032 0.690859 sommet3
3 0.092740 0.576782 sommet4
4 0.109494 0.722121 sommet5
5 0.179049 0.669470 sommet6
6 0.186834 0.719561 sommet7
7 0.251650 0.755027 sommet8
8 0.256050 0.766179 sommet9
9 0.264850 0.145521 sommet10
10 0.278727 0.932358 sommet11
11 0.293620 0.889214 sommet12
12 0.304282 0.670750 sommet13
13 0.309359 0.177879 sommet14
14 0.315959 0.661974 sommet15
15 0.344728 0.855941 sommet16
16 0.353190 0.864717 sommet17
17 0.360298 0.863437 sommet18
18 0.363344 0.864717 sommet19
19 0.418514 0.559781 sommet20
20 0.433914 0.000000 sommet21
21 0.455407 0.643876 sommet22
22 0.467084 0.536929 sommet23
23 0.476223 0.689945 sommet24
24 0.499069 0.551188 sommet25
25 0.513792 0.542596 sommet26
26 0.584532 0.957221 sommet27
27 0.590625 0.783181 sommet28
28 0.642579 0.236563 sommet29
29 0.698088 0.422121 sommet30
30 0.781858 1.000000 sommet31
31 0.789812 0.393053 sommet32
32 0.823828 0.868921 sommet33
33 0.828397 0.890494 sommet34
34 0.834151 0.576051 sommet35
35 0.842613 0.986289 sommet36
36 0.863936 0.697258 sommet37
37 1.000000 0.748446 sommet38
Arêtes du graphe : noeud1 noeud2 valeur
0 37 1858.000000
0 36 1624.000000
0 35 1852.000000
0 34 1498.000000
0 33 1740.000000
0 32 1714.000000
0 31 1337.000000
0 30 1793.000000
0 29 1205.000000
0 28 1058.000000
0 27 1338.000000
0 26 1527.000000
0 25 1011.000000
0 24 998.000000
0 23 1105.000000
0 22 943.000000
0 21 1032.000000
0 20 760.000000
0 19 901.000000
0 18 1205.000000
0 17 1201.000000
0 16 1197.000000
0 15 1178.000000
0 14 903.000000
0 13 507.000000
0 12 903.000000
0 11 1186.000000
0 10 1237.000000
0 9 437.000000
0 8 991.000000
0 7 972.000000
0 6 881.000000
0 5 806.000000
0 4 850.000000
0 3 628.000000
0 2 794.000000
0 1 290.000000
1 37 1649.000000
1 36 1412.000000
1 35 1598.000000
1 34 1308.000000
1 33 1496.000000
1 32 1472.000000
1 31 1192.000000
1 30 1533.000000
1 29 1045.000000
1 28 966.000000
1 27 1082.000000
1 26 1253.000000
1 25 792.000000
1 24 774.000000
1 23 847.000000
1 22 717.000000
1 21 779.000000
1 20 811.000000
1 19 660.000000
1 18 918.000000
1 17 914.000000
1 16 909.000000
1 15 891.000000
1 14 624.000000
1 13 483.000000
1 12 622.000000
1 11 896.000000
1 10 946.000000
1 9 457.000000
1 8 701.000000
1 7 682.000000
1 6 591.000000
1 5 515.000000
1 4 564.000000
1 3 341.000000
1 2 512.000000
2 37 1514.000000
2 36 1288.000000
2 35 1331.000000
2 34 1251.000000
2 33 1266.000000
2 32 1252.000000
2 31 1251.000000
2 30 1245.000000
2 29 1095.000000
2 28 1154.000000
2 27 851.000000
2 26 923.000000
2 25 748.000000
2 24 721.000000
2 23 651.000000
2 22 678.000000
2 21 621.000000
2 20 1200.000000
2 19 591.000000
2 18 536.000000
2 17 530.000000
2 16 521.000000
2 15 503.000000
2 14 391.000000
2 13 866.000000
2 12 370.000000
2 11 463.000000
2 10 492.000000
2 9 882.000000
2 8 312.000000
2 7 299.000000
2 6 182.000000
2 5 167.000000
2 4 68.000000
2 3 174.000000
3 37 1511.000000
3 36 1279.000000
3 35 1379.000000
3 34 1216.000000
3 33 1298.000000
3 32 1279.000000
3 31 1177.000000
3 30 1301.000000
3 29 1021.000000
3 28 1040.000000
3 27 875.000000
3 26 992.000000
3 25 693.000000
3 24 668.000000
3 23 652.000000
3 22 617.000000
3 21 603.000000
3 20 1040.000000
3 19 535.000000
3 18 623.000000
3 17 618.000000
3 16 611.000000
3 15 592.000000
3 14 388.000000
3 13 702.000000
3 12 375.000000
3 11 577.000000
3 10 620.000000
3 9 713.000000
3 8 393.000000
3 7 376.000000
3 6 266.000000
3 5 199.000000
3 4 222.000000
4 37 1462.000000
4 36 1238.000000
4 35 1268.000000
4 34 1209.000000
4 33 1207.000000
4 32 1193.000000
4 31 1223.000000
4 30 1181.000000
4 29 1068.000000
4 28 1144.000000
4 27 795.000000
4 26 857.000000
4 25 717.000000
4 24 690.000000
4 23 603.000000
4 22 650.000000
4 21 580.000000
4 20 1219.000000
4 19 564.000000
4 18 469.000000
4 17 464.000000
4 16 454.000000
4 15 436.000000
4 14 350.000000
4 13 889.000000
4 12 329.000000
4 11 394.000000
4 10 423.000000
4 9 912.000000
4 8 249.000000
4 7 238.000000
4 6 127.000000
4 5 139.000000
5 37 1352.000000
5 36 1124.000000
5 35 1190.000000
5 34 1084.000000
5 33 1117.000000
5 32 1100.000000
5 31 1086.000000
5 30 1109.000000
5 29 931.000000
5 28 1005.000000
5 27 697.000000
5 26 796.000000
5 25 582.000000
5 24 555.000000
5 23 488.000000
5 22 513.000000
5 21 455.000000
5 20 1099.000000
5 19 426.000000
5 18 423.000000
5 17 418.000000
5 16 411.000000
5 15 392.000000
5 14 225.000000
5 13 776.000000
5 12 205.000000
5 11 383.000000
5 10 431.000000
5 9 808.000000
5 8 193.000000
5 7 176.000000
5 6 77.000000
6 37 1335.000000
6 36 1111.000000
6 35 1150.000000
6 34 1084.000000
6 33 1084.000000
6 32 1069.000000
6 31 1107.000000
6 30 1065.000000
6 29 953.000000
6 28 1047.000000
6 27 669.000000
6 26 746.000000
6 25 600.000000
6 24 572.000000
6 23 477.000000
6 22 537.000000
6 21 455.000000
6 20 1166.000000
6 19 451.000000
6 18 364.000000
6 17 358.000000
6 16 351.000000
6 15 331.000000
6 14 229.000000
6 13 847.000000
6 12 206.000000
6 11 311.000000
6 10 356.000000
6 9 881.000000
6 8 133.000000
6 7 119.000000
7 37 1228.000000
7 36 1008.000000
7 35 1031.000000
7 34 994.000000
7 33 968.000000
7 32 954.000000
7 31 1040.000000
7 30 946.000000
7 29 890.000000
7 28 1016.000000
7 27 558.000000
7 26 626.000000
7 25 537.000000
7 24 510.000000
7 23 381.000000
7 22 484.000000
7 21 374.000000
7 20 1185.000000
7 19 403.000000
7 18 247.000000
7 17 242.000000
7 16 235.000000
7 15 216.000000
7 14 176.000000
7 13 882.000000
7 12 154.000000
7 11 215.000000
7 10 273.000000
7 9 926.000000
7 8 18.000000
8 37 1221.000000
8 36 1003.000000
8 35 1019.000000
8 34 991.000000
8 33 958.000000
8 32 944.000000
8 31 1043.000000
8 30 933.000000
8 29 894.000000
8 28 1024.000000
8 27 549.000000
8 26 612.000000
8 25 542.000000
8 24 515.000000
8 23 379.000000
8 22 491.000000
8 21 376.000000
8 20 1200.000000
8 19 411.000000
8 18 231.000000
8 17 226.000000
8 16 218.000000
8 15 199.000000
8 14 186.000000
8 13 898.000000
8 12 165.000000
8 11 196.000000
8 10 255.000000
8 9 943.000000
9 37 1515.000000
9 36 1292.000000
9 35 1591.000000
9 34 1140.000000
9 33 1461.000000
9 32 1431.000000
9 31 940.000000
9 30 1551.000000
9 29 826.000000
9 28 635.000000
9 27 1106.000000
9 26 1340.000000
9 25 728.000000
9 24 726.000000
9 23 897.000000
9 22 681.000000
9 21 819.000000
9 20 354.000000
9 19 678.000000
9 18 1104.000000
9 17 1102.000000
9 16 1102.000000
9 15 1087.000000
9 14 789.000000
9 13 88.000000
9 12 800.000000
9 11 1130.000000
9 10 1195.000000
10 37 1216.000000
10 36 1024.000000
10 35 929.000000
10 34 1060.000000
10 33 904.000000
10 32 899.000000
10 31 1172.000000
10 30 832.000000
10 29 1036.000000
10 28 1214.000000
10 27 559.000000
10 26 503.000000
10 25 706.000000
10 24 682.000000
10 23 490.000000
10 22 675.000000
10 21 525.000000
10 20 1439.000000
10 19 610.000000
10 18 172.000000
10 17 169.000000
10 16 159.000000
10 15 158.000000
10 14 415.000000
10 13 1147.000000
10 12 399.000000
10 11 69.000000
11 37 1179.000000
11 36 980.000000
11 35 913.000000
11 34 1006.000000
11 33 877.000000
11 32 870.000000
11 31 1109.000000
11 30 818.000000
11 29 971.000000
11 28 1145.000000
11 27 513.000000
11 26 488.000000
11 25 638.000000
11 24 614.000000
11 23 426.000000
11 22 606.000000
11 21 457.000000
11 20 1370.000000
11 19 540.000000
11 18 120.000000
11 17 116.000000
11 16 104.000000
11 15 97.000000
11 14 347.000000
11 13 1081.000000
11 12 332.000000
12 37 1148.000000
12 36 919.000000
12 35 1005.000000
12 34 881.000000
12 33 922.000000
12 32 904.000000
12 31 901.000000
12 30 929.000000
12 29 748.000000
12 28 862.000000
12 27 500.000000
12 26 633.000000
12 25 395.000000
12 24 367.000000
12 23 283.000000
12 22 335.000000
12 21 251.000000
12 20 1041.000000
12 19 252.000000
12 18 310.000000
12 17 306.000000
12 16 305.000000
12 15 289.000000
12 14 23.000000
12 13 748.000000
13 37 1427.000000
13 36 1204.000000
13 35 1508.000000
13 34 1052.000000
13 33 1377.000000
13 32 1347.000000
13 31 853.000000
13 30 1470.000000
13 29 738.000000
13 28 554.000000
13 27 1029.000000
13 26 1267.000000
13 25 647.000000
13 24 647.000000
13 23 824.000000
13 22 603.000000
13 21 747.000000
13 20 338.000000
13 19 607.000000
13 18 1047.000000
13 17 1045.000000
13 16 1046.000000
13 15 1031.000000
13 14 735.000000
14 37 1130.000000
14 36 901.000000
14 35 995.000000
14 34 860.000000
14 33 909.000000
14 32 890.000000
14 31 878.000000
14 30 921.000000
14 29 725.000000
14 28 839.000000
14 27 486.000000
14 26 628.000000
14 25 371.000000
14 24 344.000000
14 23 266.000000
14 22 312.000000
14 21 230.000000
14 20 1024.000000
14 19 229.000000
14 18 317.000000
14 17 314.000000
14 16 314.000000
14 15 298.000000
15 37 1087.000000
15 36 885.000000
15 35 840.000000
15 34 908.000000
15 33 795.000000
15 32 786.000000
15 31 1014.000000
15 30 750.000000
15 29 878.000000
15 28 1060.000000
15 27 418.000000
15 26 422.000000
15 25 551.000000
15 24 527.000000
15 23 331.000000
15 22 524.000000
15 21 369.000000
15 20 1308.000000
15 19 466.000000
15 18 33.000000
15 17 27.000000
15 16 19.000000
16 37 1076.000000
16 36 876.000000
16 35 824.000000
16 34 903.000000
16 33 780.000000
16 32 772.000000
16 31 1013.000000
16 30 733.000000
16 29 879.000000
16 28 1066.000000
16 27 408.000000
16 26 404.000000
16 25 555.000000
16 24 533.000000
16 23 333.000000
16 22 531.000000
16 21 375.000000
16 20 1320.000000
16 19 475.000000
16 18 16.000000
16 17 11.000000
17 37 1064.000000
17 36 864.000000
17 35 813.000000
17 34 891.000000
17 33 769.000000
17 32 760.000000
17 31 1003.000000
17 30 722.000000
17 29 870.000000
17 28 1059.000000
17 27 397.000000
17 26 394.000000
17 25 548.000000
17 24 526.000000
17 23 325.000000
17 22 526.000000
17 21 368.000000
17 20 1317.000000
17 19 471.000000
17 18 5.000000
18 37 1059.000000
18 36 860.000000
18 35 808.000000
18 34 888.000000
18 33 764.000000
18 32 755.000000
18 31 1001.000000
18 30 717.000000
18 29 868.000000
18 28 1058.000000
18 27 393.000000
18 26 389.000000
18 25 548.000000
18 24 525.000000
18 23 323.000000
18 22 526.000000
18 21 368.000000
18 20 1318.000000
18 19 472.000000
19 37 996.000000
19 36 760.000000
19 35 951.000000
19 34 682.000000
19 33 839.000000
19 32 814.000000
19 31 660.000000
19 30 896.000000
19 29 504.000000
19 28 613.000000
19 27 441.000000
19 26 662.000000
19 25 158.000000
19 24 132.000000
19 23 219.000000
19 22 86.000000
19 21 141.000000
19 20 850.000000
20 37 1468.000000
20 36 1273.000000
20 35 1641.000000
20 34 1094.000000
20 33 1500.000000
20 32 1467.000000
20 31 835.000000
20 30 1623.000000
20 29 774.000000
20 28 496.000000
20 27 1217.000000
20 26 1475.000000
20 25 834.000000
20 24 844.000000
20 23 1050.000000
20 22 817.000000
20 21 978.000000
21 37 907.000000
21 36 675.000000
21 35 821.000000
21 34 630.000000
21 33 717.000000
21 32 694.000000
21 31 668.000000
21 30 761.000000
21 29 521.000000
21 28 690.000000
21 27 306.000000
21 26 521.000000
21 25 181.000000
21 24 158.000000
21 23 77.000000
21 22 163.000000
22 37 931.000000
22 36 695.000000
22 35 919.000000
22 34 605.000000
22 33 800.000000
22 32 772.000000
22 31 573.000000
22 30 872.000000
22 29 417.000000
22 28 539.000000
22 27 425.000000
22 26 667.000000
22 25 77.000000
22 24 56.000000
22 23 232.000000
23 37 864.000000
23 36 636.000000
23 35 751.000000
23 34 612.000000
23 33 653.000000
23 32 632.000000
23 31 684.000000
23 30 688.000000
23 29 546.000000
23 28 741.000000
23 27 235.000000
23 26 443.000000
23 25 232.000000
23 24 214.000000
24 37 875.000000
24 36 638.000000
24 35 868.000000
24 34 551.000000
24 33 746.000000
24 32 719.000000
24 31 534.000000
24 30 824.000000
24 29 381.000000
24 28 532.000000
24 27 383.000000
24 26 632.000000
24 25 27.000000
25 37 857.000000
25 36 620.000000
25 35 863.000000
25 34 528.000000
25 33 738.000000
25 32 710.000000
25 31 506.000000
25 30 822.000000
25 29 353.000000
25 28 510.000000
25 27 386.000000
25 26 640.000000
26 37 752.000000
26 36 605.000000
26 35 425.000000
26 34 709.000000
26 33 412.000000
26 32 415.000000
26 31 921.000000
26 30 330.000000
26 29 834.000000
26 28 1099.000000
26 27 264.000000
27 37 674.000000
27 36 467.000000
27 35 516.000000
27 34 508.000000
27 33 422.000000
27 32 404.000000
27 31 676.000000
27 30 455.000000
27 29 576.000000
27 28 834.000000
28 37 974.000000
28 36 788.000000
28 35 1185.000000
28 34 604.000000
28 33 1039.000000
28 32 1005.000000
28 31 339.000000
28 30 1182.000000
28 29 296.000000
29 37 701.000000
29 36 498.000000
29 35 889.000000
29 34 323.000000
29 33 743.000000
29 32 709.000000
29 31 156.000000
29 30 888.000000
30 37 523.000000
30 36 479.000000
30 35 101.000000
30 34 649.000000
30 33 183.000000
30 32 210.000000
30 31 922.000000
31 37 640.000000
31 36 477.000000
31 35 905.000000
31 34 287.000000
31 33 758.000000
31 32 725.000000
32 37 342.000000
32 36 269.000000
32 35 180.000000
32 34 445.000000
32 33 33.000000
33 37 354.000000
33 36 299.000000
33 35 147.000000
33 34 477.000000
34 37 377.000000
34 36 190.000000
34 35 623.000000
35 37 444.000000
35 36 440.000000
36 37 236.000000
