100 4950
Sommets du graphe
0 0.000008 0.131538 sommet0
1 0.755605 0.458650 sommet1
2 0.532767 0.218959 sommet2
3 0.047045 0.678865 sommet3
4 0.679296 0.934693 sommet4
5 0.383502 0.519416 sommet5
6 0.830965 0.034572 sommet6
7 0.053462 0.529700 sommet7
8 0.671149 0.007698 sommet8
9 0.383416 0.066842 sommet9
10 0.417486 0.686773 sommet10
11 0.588977 0.930436 sommet11
12 0.846167 0.526929 sommet12
13 0.091965 0.653919 sommet13
14 0.415999 0.701191 sommet14
15 0.910321 0.762198 sommet15
16 0.262453 0.047465 sommet16
17 0.736082 0.328234 sommet17
18 0.632639 0.756410 sommet18
19 0.991037 0.365339 sommet19
20 0.247039 0.982550 sommet20
21 0.722660 0.753356 sommet21
22 0.651519 0.072686 sommet22
23 0.631635 0.884707 sommet23
24 0.272710 0.436411 sommet24
25 0.766495 0.477732 sommet25
26 0.237774 0.274907 sommet26
27 0.359265 0.166507 sommet27
28 0.486517 0.897656 sommet28
29 0.909208 0.060564 sommet29
30 0.904653 0.504523 sommet30
31 0.516292 0.319033 sommet31
32 0.986642 0.493977 sommet32
33 0.266145 0.090733 sommet33
34 0.947764 0.073749 sommet34
35 0.500707 0.384142 sommet35
36 0.277082 0.913817 sommet36
37 0.529747 0.464446 sommet37
38 0.940980 0.050084 sommet38
39 0.761514 0.770205 sommet39
40 0.827817 0.125365 sommet40
41 0.015868 0.688455 sommet41
42 0.868247 0.629543 sommet42
43 0.736225 0.725412 sommet43
44 0.999458 0.888572 sommet44
45 0.233195 0.306322 sommet45
46 0.351015 0.513274 sommet46
47 0.591114 0.845982 sommet47
48 0.412081 0.841511 sommet48
49 0.269317 0.415395 sommet49
50 0.537304 0.467917 sommet50
51 0.287212 0.178328 sommet51
52 0.153720 0.571655 sommet52
53 0.802406 0.033054 sommet53
54 0.534450 0.498480 sommet54
55 0.955361 0.748293 sommet55
56 0.554584 0.890737 sommet56
57 0.624849 0.842040 sommet57
58 0.159768 0.212752 sommet58
59 0.714710 0.130427 sommet59
60 0.090990 0.274588 sommet60
61 0.003000 0.414293 sommet61
62 0.026876 0.709820 sommet62
63 0.937897 0.239911 sommet63
64 0.180896 0.317540 sommet64
65 0.886991 0.652059 sommet65
66 0.150335 0.681346 sommet66
67 0.385815 0.387725 sommet67
68 0.499741 0.147533 sommet68
69 0.587187 0.845576 sommet69
70 0.590109 0.955409 sommet70
71 0.556146 0.148152 sommet71
72 0.983305 0.408767 sommet72
73 0.141820 0.564899 sommet73
74 0.252126 0.488515 sommet74
75 0.464031 0.961095 sommet75
76 0.126031 0.199757 sommet76
77 0.319250 0.629269 sommet77
78 0.126712 0.651254 sommet78
79 0.621634 0.803073 sommet79
80 0.247842 0.476432 sommet80
81 0.389314 0.203250 sommet81
82 0.028375 0.901673 sommet82
83 0.426497 0.142021 sommet83
84 0.947487 0.410313 sommet84
85 0.131189 0.885648 sommet85
86 0.092174 0.162199 sommet86
87 0.071064 0.365339 sommet87
88 0.253057 0.135109 sommet88
89 0.783153 0.455307 sommet89
90 0.349524 0.452300 sommet90
91 0.808945 0.931674 sommet91
92 0.651646 0.215248 sommet92
93 0.679592 0.908922 sommet93
94 0.250126 0.860860 sommet94
95 0.471262 0.505956 sommet95
96 0.600394 0.817561 sommet96
97 0.755844 0.462245 sommet97
98 0.951367 0.632739 sommet98
99 0.439330 0.824697 sommet99
Arêtes du graphe : noeud1 noeud2 valeur
0 99 0.820655
0 98 1.075308
0 97 0.825018
0 96 0.911642
0 95 0.601888
0 94 0.771019
0 93 1.032551
0 92 0.656993
0 91 1.137804
0 90 0.474395
0 89 0.847433
0 88 0.253075
0 87 0.244360
0 86 0.097132
0 85 0.765435
0 84 0.987640
0 83 0.426618
0 82 0.770658
0 81 0.395856
0 80 0.424704
0 79 0.915084
0 78 0.534938
0 77 0.591314
0 76 0.143303
0 75 0.950517
0 74 0.437031
0 73 0.455974
0 72 1.021631
0 71 0.556386
0 70 1.013401
0 69 0.924461
0 68 0.499989
0 67 0.463119
0 66 0.569989
0 65 1.028436
0 64 0.259455
0 63 0.944130
0 62 0.578906
0 61 0.282771
0 60 0.169532
0 59 0.714703
0 58 0.179217
0 57 0.946171
0 56 0.940180
0 55 1.137139
0 54 0.648286
0 53 0.808419
0 52 0.466187
0 51 0.290991
0 50 0.633907
0 49 0.391283
0 48 0.820893
0 47 0.927273
0 46 0.518583
0 45 0.291420
0 44 1.253795
0 43 0.945887
0 42 1.000924
0 41 0.557143
0 40 0.827832
0 39 0.993875
0 38 0.944491
0 37 0.625661
0 36 0.829898
0 35 0.560811
0 34 0.949517
0 33 0.269247
0 32 1.051099
0 31 0.549276
0 30 0.978520
0 29 0.911966
0 28 0.907540
0 27 0.360955
0 26 0.277647
0 25 0.841043
0 24 0.409041
0 23 0.982963
0 22 0.654163
0 21 0.953354
0 20 0.886141
0 19 1.018235
0 18 0.889206
0 17 0.761902
0 16 0.275583
0 15 1.107430
0 14 0.705375
0 13 0.530413
0 12 0.933980
0 11 0.992534
0 10 0.694675
0 9 0.388828
0 8 0.682471
0 7 0.401735
0 6 0.836596
0 5 0.545452
0 4 1.051899
0 3 0.549344
0 2 0.539884
0 1 0.823365
1 99 0.483757
1 98 0.261973
1 97 0.003603
1 96 0.391035
1 95 0.288251
1 94 0.645974
1 93 0.456643
1 92 0.264673
1 91 0.476022
1 90 0.406131
1 89 0.027750
1 88 0.597690
1 87 0.690872
1 86 0.726653
1 85 0.756455
1 84 0.197876
1 83 0.456690
1 82 0.851548
1 81 0.446540
1 80 0.508075
1 79 0.369561
1 78 0.657725
1 77 0.468527
1 76 0.680727
1 75 0.580919
1 74 0.504364
1 73 0.622914
1 72 0.233100
1 71 0.369044
1 70 0.523601
1 69 0.421991
1 68 0.402816
1 67 0.376531
1 66 0.644938
1 65 0.233814
1 64 0.591780
1 63 0.284741
1 62 0.770800
1 61 0.753912
1 60 0.689632
1 59 0.330761
1 58 0.644584
1 57 0.405074
1 56 0.476560
1 55 0.351845
1 54 0.224714
1 53 0.428162
1 52 0.612402
1 51 0.545869
1 50 0.218498
1 49 0.488208
1 48 0.514384
1 47 0.420813
1 46 0.408261
1 45 0.544166
1 44 0.494264
1 43 0.267465
1 42 0.204677
1 41 0.774611
1 40 0.341018
1 39 0.311610
1 38 0.448654
1 37 0.225932
1 36 0.660426
1 35 0.265565
1 34 0.430202
1 33 0.612319
1 32 0.233722
1 31 0.277063
1 30 0.155947
1 29 0.426692
1 28 0.514912
1 27 0.492375
1 26 0.549464
1 25 0.021970
1 24 0.483407
1 23 0.443727
1 22 0.399753
1 21 0.296541
1 20 0.730145
1 19 0.253249
1 18 0.322152
1 17 0.131869
1 16 0.642085
1 15 0.340703
1 14 0.417323
1 13 0.691772
1 12 0.113417
1 11 0.500347
1 10 0.407878
1 9 0.540406
1 8 0.458792
1 7 0.705729
1 6 0.430722
1 5 0.377032
1 4 0.482120
1 3 0.741992
1 2 0.327274
2 99 0.612902
2 98 0.588591
2 97 0.330077
2 96 0.602410
2 95 0.293513
2 94 0.701372
2 93 0.705412
2 92 0.118937
2 91 0.764354
2 90 0.296692
2 89 0.344316
2 88 0.292008
2 87 0.484352
2 86 0.444235
2 85 0.778293
2 84 0.456737
2 83 0.131197
2 82 0.848829
2 81 0.144311
2 80 0.384024
2 79 0.590835
2 78 0.593093
2 77 0.462541
2 76 0.407189
2 75 0.745312
2 74 0.389126
2 73 0.522029
2 72 0.488888
2 71 0.074567
2 70 0.738679
2 69 0.628975
2 68 0.078692
2 67 0.223779
2 66 0.600047
2 65 0.559508
2 64 0.365420
2 63 0.405671
2 62 0.704890
2 61 0.564632
2 60 0.445266
2 59 0.202339
2 58 0.373051
2 57 0.629848
2 56 0.672132
2 55 0.677332
2 54 0.279526
2 53 0.327514
2 52 0.517756
2 51 0.248894
2 50 0.249000
2 49 0.328623
2 48 0.634142
2 47 0.629731
2 46 0.345912
2 45 0.312051
2 44 0.816200
2 43 0.545792
2 42 0.530213
2 41 0.698292
2 40 0.309539
2 39 0.596822
2 38 0.441765
2 37 0.245505
2 36 0.740407
2 35 0.168265
2 34 0.439669
2 33 0.295854
2 32 0.530695
2 31 0.101421
2 30 0.468877
2 29 0.408407
2 28 0.680271
2 27 0.181257
2 26 0.300251
2 25 0.348700
2 24 0.338992
2 23 0.673049
2 22 0.188408
2 21 0.567132
2 20 0.815299
2 19 0.481081
2 18 0.546652
2 17 0.230820
2 16 0.320125
2 15 0.661555
2 14 0.496167
2 13 0.619271
2 12 0.439391
2 11 0.713694
2 10 0.481808
2 9 0.213179
2 8 0.252549
2 7 0.571221
2 6 0.350600
2 5 0.335492
2 4 0.730579
2 3 0.668909
3 99 0.418516
3 98 0.905498
3 97 0.741161
3 96 0.570467
3 95 0.458103
3 94 0.272698
3 93 0.673085
3 92 0.761894
3 91 0.802748
3 90 0.377922
3 89 0.769307
3 88 0.581473
3 87 0.314444
3 86 0.518633
3 85 0.223248
3 84 0.939636
3 83 0.657408
3 82 0.223590
3 81 0.585967
3 80 0.285129
3 79 0.587861
3 78 0.084317
3 77 0.276686
3 76 0.485575
3 75 0.503519
3 74 0.279807
3 73 0.148225
3 72 0.974442
3 71 0.735419
3 70 0.609422
3 69 0.565284
3 68 0.698031
3 67 0.446685
3 66 0.103320
3 65 0.840374
3 64 0.385321
3 63 0.993126
3 62 0.036945
3 61 0.268213
3 60 0.406658
3 59 0.864037
3 58 0.479550
3 57 0.600403
3 56 0.549987
3 55 0.910966
3 54 0.519714
3 53 0.993802
3 52 0.151240
3 51 0.555174
3 50 0.533716
3 49 0.344705
3 48 0.399631
3 47 0.569156
3 46 0.346148
3 45 0.416461
3 44 0.975227
3 43 0.690750
3 42 0.822682
3 41 0.032619
3 40 0.957062
3 39 0.720285
3 38 1.092925
3 37 0.528183
3 36 0.328816
3 35 0.540991
3 34 1.085109
3 33 0.627618
3 32 0.957615
3 31 0.591331
3 30 0.875150
3 29 1.060953
3 28 0.490924
3 27 0.599993
3 26 0.446721
3 25 0.747036
3 24 0.331223
3 23 0.619771
3 22 0.856062
3 21 0.679710
3 20 0.363624
3 19 0.994696
3 18 0.590706
3 17 0.773120
3 16 0.667133
3 15 0.867289
3 14 0.369630
3 13 0.051382
3 12 0.813438
3 11 0.597477
3 10 0.370526
3 9 0.698367
3 8 0.916499
3 7 0.149302
3 6 1.014714
3 5 0.372327
3 4 0.682049
4 99 0.263975
4 98 0.406447
4 97 0.478609
4 96 0.141228
4 95 0.476543
4 94 0.435475
4 93 0.025773
4 92 0.719976
4 91 0.129683
4 90 0.584339
4 89 0.490507
4 88 0.906098
4 87 0.833133
4 86 0.970289
4 85 0.550298
4 84 0.588982
4 83 0.832007
4 82 0.651758
4 81 0.786828
4 80 0.629410
4 79 0.143697
4 78 0.621037
4 77 0.472141
4 76 0.919909
4 75 0.216879
4 74 0.617697
4 73 0.652402
4 72 0.607470
4 71 0.796124
4 70 0.091562
4 69 0.128164
4 68 0.807379
4 67 0.620729
4 66 0.586502
4 65 0.350741
4 64 0.793273
4 63 0.741348
4 62 0.690087
4 61 0.853342
4 60 0.884218
4 59 0.805045
4 58 0.889443
4 57 0.107467
4 56 0.132232
4 55 0.333101
4 54 0.459633
4 53 0.910005
4 52 0.638770
4 51 0.851950
4 50 0.487895
4 49 0.661629
4 48 0.282997
4 47 0.125084
4 46 0.534193
4 45 0.770621
4 44 0.323466
4 43 0.216885
4 42 0.358913
4 41 0.707651
4 40 0.822842
4 39 0.183892
4 38 0.922503
4 37 0.493454
4 36 0.402756
4 35 0.578792
4 34 0.901831
4 33 0.939661
4 32 0.537301
4 31 0.636873
4 30 0.485625
4 29 0.903858
4 28 0.196305
4 27 0.832183
4 26 0.793889
4 25 0.465206
4 24 0.643115
4 23 0.069067
4 22 0.862454
4 21 0.186450
4 20 0.434899
4 19 0.649112
4 18 0.184287
4 17 0.609111
4 16 0.980272
4 15 0.288317
4 14 0.351921
4 13 0.650993
4 12 0.440587
4 11 0.090420
4 10 0.360568
4 9 0.916902
4 8 0.927031
4 7 0.745445
4 6 0.912809
4 5 0.509852
5 99 0.310344
5 98 0.579062
5 97 0.376705
5 96 0.368690
5 95 0.088787
5 94 0.366569
5 93 0.489269
5 92 0.405487
5 91 0.592417
5 90 0.075227
5 89 0.404760
5 88 0.405842
5 87 0.348364
5 86 0.460952
5 85 0.444734
5 84 0.574441
5 83 0.379837
5 82 0.521762
5 81 0.316219
5 80 0.142307
5 79 0.370362
5 78 0.288656
5 77 0.127264
5 76 0.410455
5 75 0.448960
5 74 0.134961
5 73 0.245925
5 72 0.609924
5 71 0.409443
5 70 0.482468
5 69 0.384535
5 68 0.389626
5 67 0.131711
5 66 0.283880
5 65 0.520668
5 64 0.286013
5 63 0.620868
5 62 0.404271
5 61 0.394757
5 60 0.381450
5 59 0.510893
5 58 0.379606
5 57 0.402907
5 56 0.408838
5 55 0.615960
5 54 0.152393
5 53 0.641895
5 52 0.235645
5 51 0.354420
5 50 0.162195
5 49 0.154463
5 48 0.323360
5 47 0.386972
5 46 0.033062
5 45 0.260771
5 44 0.718107
5 43 0.408469
5 42 0.497097
5 41 0.404635
5 40 0.593879
5 39 0.453639
5 38 0.728735
5 37 0.156235
5 36 0.408506
5 35 0.178986
5 34 0.719035
5 33 0.444457
5 32 0.603676
5 31 0.240389
5 30 0.521364
5 29 0.697791
5 28 0.392017
5 27 0.353740
5 26 0.284643
5 25 0.385254
5 24 0.138437
5 23 0.441596
5 22 0.520962
5 21 0.412015
5 20 0.482820
5 19 0.626769
5 18 0.343853
5 17 0.401077
5 16 0.487228
5 15 0.580070
5 14 0.184656
5 13 0.321068
5 12 0.462726
5 11 0.459519
5 10 0.170772
5 9 0.452574
5 8 0.587023
5 7 0.330201
5 6 0.659771
6 99 0.881859
6 98 0.610164
6 97 0.434220
6 96 0.816233
6 95 0.592949
6 94 1.010013
6 93 0.887356
6 92 0.254557
6 91 0.897373
6 90 0.637403
6 89 0.423443
6 88 0.586588
6 87 0.828769
6 86 0.749734
6 85 1.101825
6 84 0.393394
6 83 0.418497
6 82 1.181531
6 81 0.472766
6 80 0.731624
6 79 0.796501
6 78 0.936092
6 77 0.784549
6 76 0.724030
6 75 0.996537
6 74 0.735607
6 73 0.869579
6 72 0.404016
6 71 0.297365
6 70 0.951815
6 69 0.846850
6 68 0.349957
6 67 0.568222
6 66 0.938922
6 65 0.620023
6 64 0.708986
6 63 0.231513
6 62 1.050009
6 61 0.910887
6 60 0.777927
6 59 0.150677
6 58 0.694445
6 57 0.833359
6 56 0.899670
6 55 0.724480
6 54 0.550574
6 53 0.028600
6 52 0.864361
6 51 0.562435
6 50 0.523474
6 49 0.678583
6 48 0.909183
6 47 0.846117
6 46 0.677870
6 45 0.656641
6 44 0.870463
6 43 0.697306
6 42 0.596138
6 41 1.044963
6 40 0.090848
6 39 0.738904
6 38 0.111103
6 37 0.524903
6 36 1.039163
6 35 0.480905
6 34 0.123194
6 33 0.567606
6 32 0.485065
6 31 0.424190
6 30 0.475693
6 29 0.082447
6 28 0.929279
6 27 0.489804
6 26 0.640028
6 25 0.447825
6 24 0.687840
6 23 0.873191
6 22 0.183450
6 21 0.726898
6 20 1.113388
6 19 0.367464
6 18 0.748588
6 17 0.308610
6 16 0.568659
6 15 0.731940
6 14 0.785224
6 13 0.964216
6 12 0.492591
6 11 0.927972
6 10 0.772225
6 9 0.448712
6 8 0.162060
6 7 0.921772
7 99 0.485714
7 98 0.903799
7 97 0.705614
7 96 0.618061
7 95 0.418475
7 94 0.385154
7 93 0.732017
7 92 0.675799
7 91 0.855767
7 90 0.306013
7 89 0.733474
7 88 0.442199
7 87 0.165301
7 86 0.369535
7 85 0.364336
7 84 0.901961
7 83 0.538006
7 82 0.372818
7 81 0.468366
7 80 0.201547
7 79 0.630518
7 78 0.141919
7 77 0.283826
7 76 0.337829
7 75 0.595540
7 74 0.202889
7 73 0.095111
7 72 0.937675
7 71 0.631087
7 70 0.684995
7 69 0.620193
7 68 0.587552
7 67 0.361408
7 66 0.179947
7 65 0.842462
7 64 0.247491
7 63 0.930701
7 62 0.182071
7 61 0.125957
7 60 0.257858
7 59 0.772443
7 58 0.334301
7 57 0.651183
7 56 0.617634
7 55 0.928011
7 54 0.482000
7 53 0.898652
7 52 0.108683
7 51 0.422021
7 50 0.487771
7 49 0.244253
7 48 0.475219
7 47 0.623782
7 46 0.298007
7 45 0.286709
7 44 1.011780
7 43 0.710259
7 42 0.820880
7 41 0.163146
7 40 0.873564
7 39 0.747784
7 38 1.008821
7 37 0.480735
7 36 0.444468
7 35 0.470336
7 34 1.003827
7 33 0.487777
7 32 0.933864
7 31 0.508520
7 30 0.851564
7 29 0.975905
7 28 0.568268
7 27 0.474789
7 26 0.314469
7 25 0.714924
7 24 0.238270
7 23 0.678464
7 22 0.752685
7 21 0.705584
7 20 0.492489
7 19 0.951873
7 18 0.621967
7 17 0.711730
7 16 0.525575
7 15 0.887842
7 14 0.401052
7 13 0.130049
7 12 0.792710
7 11 0.668854
7 10 0.396466
7 9 0.568425
7 8 0.808718
8 99 0.849251
8 98 0.684980
8 97 0.462370
8 96 0.812948
8 95 0.536857
8 94 0.951392
8 93 0.901263
8 92 0.208465
8 91 0.934195
8 90 0.548738
8 89 0.461410
8 88 0.437075
8 87 0.698577
8 86 0.599236
8 85 1.030706
8 84 0.488325
8 83 0.279101
8 82 1.101068
8 81 0.343033
8 80 0.631586
8 79 0.796915
8 78 0.842956
8 77 0.714272
8 76 0.577963
8 75 0.975635
8 74 0.637781
8 73 0.768546
8 72 0.508229
8 71 0.181529
8 70 0.951169
8 69 0.842074
8 68 0.221212
8 67 0.475223
8 66 0.851498
8 65 0.679550
8 64 0.579957
8 63 0.353662
8 62 0.952923
8 61 0.782140
8 60 0.638604
8 59 0.130230
8 58 0.550961
8 57 0.835625
8 56 0.890700
8 55 0.793257
8 54 0.509464
8 53 0.133683
8 52 0.765363
8 51 0.420145
8 50 0.479287
8 49 0.572438
8 48 0.873132
8 47 0.842095
8 46 0.598408
8 45 0.530076
8 44 0.940067
8 43 0.720658
8 42 0.652334
8 41 0.944894
8 40 0.195935
8 39 0.767842
8 38 0.273139
8 37 0.478135
8 36 0.988100
8 35 0.413232
8 34 0.284391
8 33 0.413429
8 32 0.579657
8 31 0.347721
8 30 0.548962
8 29 0.243858
8 28 0.908908
8 27 0.349989
8 26 0.509131
8 25 0.479606
8 24 0.585277
8 23 0.877899
8 22 0.067888
8 21 0.747435
8 20 1.063112
8 19 0.479828
8 18 0.749702
8 17 0.327047
8 16 0.410626
8 15 0.791500
8 14 0.738941
8 13 0.867788
8 12 0.547934
8 11 0.926390
8 10 0.724905
8 9 0.293749
9 99 0.759915
9 98 0.801753
9 97 0.543181
9 96 0.781447
9 95 0.447814
9 94 0.805127
9 93 0.892647
9 92 0.306548
9 91 0.963851
9 90 0.386945
9 89 0.557400
9 88 0.147152
9 87 0.432046
9 86 0.306455
9 85 0.856774
9 84 0.660415
9 83 0.086648
9 82 0.907192
9 81 0.136536
9 80 0.431444
9 79 0.773811
9 78 0.638305
9 77 0.566075
9 76 0.289678
9 75 0.897879
9 74 0.441638
9 73 0.553560
9 72 0.690492
9 71 0.190911
9 70 0.912290
9 69 0.804952
9 68 0.141572
9 67 0.320892
9 66 0.657223
9 65 0.772053
9 64 0.322278
9 63 0.580864
9 62 0.735214
9 61 0.515207
9 60 0.358707
9 59 0.337341
9 58 0.267036
9 57 0.811924
9 56 0.841488
9 55 0.889661
9 54 0.457299
9 53 0.420350
9 52 0.554613
9 51 0.147255
9 50 0.429585
9 49 0.366752
9 48 0.775199
9 47 0.806348
9 46 0.447606
9 45 0.282696
9 44 1.027009
9 43 0.747120
9 42 0.742761
9 41 0.722146
9 40 0.448239
9 39 0.798547
9 38 0.557816
9 37 0.423676
9 36 0.853624
9 35 0.338285
9 34 0.564391
9 33 0.119680
9 32 0.739139
9 31 0.285055
9 30 0.680627
9 29 0.525830
9 28 0.837187
9 27 0.102549
9 26 0.253973
9 25 0.561765
9 24 0.385794
9 23 0.854702
9 22 0.268167
9 21 0.765760
9 20 0.925808
9 19 0.676982
9 18 0.733223
9 17 0.438975
9 16 0.122505
9 15 0.872438
9 14 0.635185
9 13 0.655441
9 12 0.652548
9 11 0.887722
9 10 0.620866
10 99 0.139644
10 98 0.536609
10 97 0.406077
10 96 0.224858
10 95 0.188644
10 94 0.241487
10 93 0.343584
10 92 0.526466
10 91 0.461754
10 90 0.244123
10 89 0.432769
10 88 0.575647
10 87 0.472576
10 86 0.617257
10 85 0.348594
10 84 0.597772
10 83 0.544826
10 82 0.444510
10 81 0.484342
10 80 0.270227
10 79 0.234951
10 78 0.292935
10 77 0.113829
10 76 0.567565
10 75 0.278243
10 74 0.258167
10 73 0.301405
10 72 0.630427
10 71 0.556183
10 70 0.319318
10 69 0.232415
10 68 0.545477
10 67 0.300720
10 66 0.267206
10 65 0.470786
10 64 0.438529
10 63 0.685940
10 62 0.391289
10 61 0.496028
10 60 0.525828
10 59 0.630763
10 58 0.539551
10 57 0.259051
10 56 0.245759
10 55 0.541382
10 54 0.221663
10 53 0.758625
10 52 0.287793
10 51 0.524869
10 50 0.249508
10 49 0.309193
10 48 0.154832
10 47 0.235572
10 46 0.185796
10 45 0.422736
10 44 0.615966
10 43 0.321072
10 42 0.454380
10 41 0.401622
10 40 0.695378
10 39 0.354000
10 38 0.824268
10 37 0.249062
10 36 0.266951
10 35 0.313865
10 34 0.810551
10 33 0.614953
10 32 0.600923
10 31 0.380782
10 30 0.520141
10 29 0.796196
10 28 0.221895
10 27 0.523513
10 26 0.449366
10 25 0.406823
10 24 0.289207
10 23 0.291612
10 22 0.657171
10 21 0.312354
10 20 0.341375
10 19 0.657481
10 18 0.226142
10 17 0.479639
10 16 0.657838
10 15 0.498573
10 14 0.014494
10 13 0.327175
10 12 0.457512
10 11 0.297962
11 99 0.183234
11 98 0.468989
11 97 0.497039
11 96 0.113451
11 95 0.440500
11 94 0.345920
11 93 0.093135
11 92 0.717929
11 91 0.219971
11 90 0.534745
11 89 0.513276
11 88 0.863358
11 87 0.766531
11 86 0.914879
11 85 0.459974
11 84 0.631710
11 83 0.804984
11 82 0.561339
11 81 0.754099
11 80 0.567885
11 79 0.131484
11 78 0.540029
11 77 0.404295
11 76 0.864992
11 75 0.128653
11 74 0.555665
11 73 0.577553
11 72 0.653938
11 71 0.782974
11 70 0.024998
11 69 0.084880
11 68 0.787973
11 67 0.579491
11 66 0.504433
11 65 0.407807
11 64 0.736324
11 63 0.773674
11 62 0.603845
11 61 0.780880
11 60 0.823485
11 59 0.809829
11 58 0.836237
11 57 0.095398
11 56 0.052525
11 55 0.409162
11 54 0.435384
11 53 0.922414
11 52 0.564068
11 51 0.810388
11 50 0.465397
11 49 0.606177
11 48 0.197990
11 47 0.084482
11 46 0.480261
11 45 0.718401
11 44 0.412611
11 43 0.252422
11 42 0.410522
11 41 0.622100
11 40 0.839753
11 39 0.235464
11 38 0.948118
11 37 0.469740
11 36 0.312337
11 35 0.553380
11 34 0.928785
11 33 0.899624
11 32 0.590453
11 31 0.615709
11 30 0.530145
11 29 0.926944
11 28 0.107575
11 27 0.797719
11 26 0.743681
11 25 0.486266
11 24 0.586588
11 23 0.062537
11 22 0.860028
11 21 0.221876
11 20 0.345886
11 19 0.693533
11 18 0.179420
11 17 0.619909
11 16 0.941412
11 15 0.362721
11 14 0.287184
11 13 0.568755
11 12 0.478503
12 99 0.504165
12 98 0.149208
12 97 0.111096
12 96 0.380620
12 95 0.375491
12 94 0.683209
12 93 0.416732
12 92 0.367400
12 91 0.406454
12 90 0.502219
12 89 0.095396
12 88 0.710846
12 87 0.791768
12 86 0.837576
12 85 0.799921
12 84 0.154483
12 83 0.569453
12 82 0.899565
12 81 0.559895
12 80 0.600452
12 79 0.355908
12 78 0.730118
12 77 0.536764
12 76 0.790972
12 75 0.578385
12 74 0.595281
12 73 0.705370
12 72 0.181023
12 71 0.477058
12 70 0.499160
12 69 0.410617
12 68 0.513763
12 67 0.480938
12 66 0.712760
12 65 0.131621
12 64 0.697445
12 63 0.301320
12 62 0.839456
12 61 0.850657
12 60 0.796221
12 59 0.417725
12 58 0.754885
12 57 0.385067
12 56 0.466238
12 55 0.246830
12 54 0.313013
12 53 0.495810
12 52 0.693890
12 51 0.658751
12 50 0.314450
12 49 0.587533
12 48 0.536090
12 47 0.408469
12 46 0.495340
12 45 0.651462
12 44 0.392790
12 43 0.226898
12 42 0.104963
12 41 0.845865
12 40 0.401982
12 39 0.257583
12 38 0.486179
12 37 0.322530
12 36 0.688143
12 35 0.373805
12 34 0.464429
12 33 0.725736
12 32 0.144288
12 31 0.389921
12 30 0.062631
12 29 0.470606
12 28 0.516514
12 27 0.605786
12 26 0.658526
12 25 0.093638
12 24 0.580557
12 23 0.417168
12 22 0.494191
12 21 0.257921
12 20 0.752692
12 19 0.217023
12 18 0.313458
12 17 0.227152
12 16 0.755386
12 15 0.243859
12 14 0.464124
12 13 0.764818
13 99 0.387076
13 98 0.859664
13 97 0.690995
13 96 0.534115
13 95 0.407136
13 94 0.260460
13 93 0.640572
13 92 0.711108
13 91 0.768900
13 90 0.327089
13 89 0.719158
13 88 0.543244
13 87 0.289336
13 86 0.491720
13 85 0.235026
13 84 0.889529
13 83 0.611516
13 82 0.255785
13 81 0.539925
13 80 0.236219
13 79 0.550269
13 78 0.034849
13 77 0.228618
13 76 0.455438
13 75 0.482483
13 74 0.230240
13 73 0.102030
13 72 0.924439
13 71 0.686487
13 70 0.582274
13 69 0.531015
13 68 0.650160
13 67 0.396493
13 66 0.064493
13 65 0.795028
13 64 0.347937
13 63 0.941809
13 62 0.085799
13 61 0.255608
13 60 0.379332
13 59 0.813545
13 58 0.446347
13 57 0.565115
13 56 0.519711
13 55 0.868538
13 54 0.468993
13 53 0.943504
13 52 0.102864
13 51 0.514110
13 50 0.482621
13 49 0.297233
13 48 0.371032
13 47 0.534825
13 46 0.294768
13 45 0.375193
13 44 0.937340
13 43 0.648214
13 42 0.776665
13 41 0.083568
13 40 0.906006
13 39 0.679572
13 38 1.041846
13 37 0.477026
13 36 0.319085
13 35 0.489745
13 34 1.033920
13 33 0.589506
13 32 0.908861
13 31 0.540557
13 30 0.826306
13 29 1.009929
13 28 0.463767
13 27 0.555895
13 26 0.406092
13 25 0.697160
13 24 0.282804
13 23 0.586947
13 22 0.806804
13 21 0.638486
13 20 0.363382
13 19 0.944251
13 18 0.550302
13 17 0.721774
13 16 0.629963
13 15 0.825488
13 14 0.327464
14 99 0.125691
14 98 0.539726
14 97 0.415438
14 96 0.218045
14 95 0.202905
14 94 0.230235
14 93 0.335609
14 92 0.540064
14 91 0.455553
14 90 0.257615
14 89 0.441883
14 88 0.589065
14 87 0.481432
14 86 0.628789
14 85 0.339326
14 84 0.605878
14 83 0.559268
14 82 0.436401
14 81 0.498655
14 80 0.280702
14 79 0.229490
14 78 0.293566
14 77 0.120554
14 76 0.579238
14 75 0.264305
14 74 0.268487
14 73 0.306186
14 72 0.638238
14 71 0.570520
14 70 0.308125
14 69 0.223947
14 68 0.559955
14 67 0.314915
14 66 0.266404
14 65 0.473547
14 64 0.449958
14 63 0.696532
14 62 0.389219
14 61 0.502871
14 60 0.536303
14 59 0.644204
14 58 0.551568
14 57 0.251906
14 56 0.234806
14 55 0.541414
14 54 0.234781
14 53 0.771827
14 52 0.292523
14 51 0.538490
14 50 0.262928
14 49 0.321240
14 48 0.140375
14 47 0.227221
14 46 0.198836
14 45 0.435131
14 44 0.612810
14 43 0.321140
14 42 0.457888
14 41 0.400334
14 40 0.707933
14 39 0.352340
14 38 0.836388
14 37 0.262653
14 36 0.253985
14 35 0.328169
14 34 0.822470
14 33 0.628582
14 32 0.607100
14 31 0.395099
14 30 0.526745
14 29 0.808490
14 28 0.208738
14 27 0.537685
14 26 0.462041
14 25 0.415669
14 24 0.301065
14 23 0.283155
14 22 0.671184
14 21 0.311066
14 20 0.328193
14 19 0.665932
14 18 0.223566
14 17 0.491477
14 16 0.671516
14 15 0.498072
15 99 0.475119
15 98 0.135811
15 97 0.337395
15 96 0.314833
15 95 0.508362
15 94 0.667527
15 93 0.273429
15 92 0.605034
15 91 0.197483
15 90 0.640726
15 89 0.332195
15 88 0.908425
15 87 0.928359
15 86 1.014576
15 85 0.788852
15 84 0.353842
15 83 0.786578
15 82 0.892906
15 81 0.764114
15 80 0.721485
15 79 0.291566
15 78 0.791424
15 77 0.605834
15 76 0.965117
15 75 0.488605
15 74 0.712827
15 73 0.793424
15 72 0.360888
15 71 0.708867
15 70 0.373987
15 69 0.333718
15 68 0.739181
15 67 0.644466
15 66 0.764274
15 65 0.112583
15 64 0.854273
15 63 0.523015
15 62 0.884996
15 61 0.971735
15 60 0.953449
15 59 0.661361
15 58 0.930173
15 57 0.296427
15 56 0.378248
15 55 0.047138
15 54 0.459158
15 53 0.737087
15 52 0.780225
15 51 0.853914
15 50 0.475124
15 49 0.728806
15 48 0.504513
15 47 0.330020
15 46 0.612198
15 45 0.816286
15 44 0.154647
15 43 0.177940
15 42 0.139167
15 41 0.897488
15 40 0.642155
15 39 0.149022
15 38 0.712774
15 37 0.483211
15 36 0.651138
15 35 0.557413
15 34 0.689466
15 33 0.930499
15 32 0.278868
15 31 0.593004
15 30 0.257737
15 29 0.701635
15 28 0.444925
15 27 0.811486
15 26 0.830525
15 25 0.318759
15 24 0.716020
15 23 0.304425
15 22 0.736482
15 21 0.187869
15 20 0.698926
15 19 0.404985
15 18 0.277743
15 17 0.467636
15 16 0.964664
16 99 0.797105
16 98 0.903963
16 97 0.644575
16 96 0.840984
16 95 0.503801
16 94 0.813489
16 93 0.957138
16 92 0.423819
16 91 1.039461
16 90 0.414093
16 89 0.661411
16 88 0.088147
16 87 0.371045
16 86 0.205326
16 85 0.848400
16 84 0.775197
16 83 0.189345
16 82 0.885701
16 81 0.200905
16 80 0.429216
16 79 0.836633
16 78 0.618859
16 77 0.584570
16 76 0.204460
16 75 0.935604
16 74 0.441171
16 73 0.531310
16 72 0.806329
16 71 0.310473
16 70 0.965257
16 69 0.861646
16 68 0.257525
16 67 0.361933
16 66 0.643721
16 65 0.869242
16 64 0.282121
16 63 0.702325
16 62 0.703001
16 61 0.449310
16 60 0.284578
16 59 0.459803
16 58 0.194587
16 57 0.873316
16 56 0.892440
16 55 0.985536
16 54 0.526685
16 53 0.540145
16 52 0.535349
16 51 0.133185
16 50 0.502318
16 49 0.367994
16 48 0.808021
16 47 0.863509
16 46 0.474153
16 45 0.260506
16 44 1.118319
16 43 0.827087
16 42 0.840120
16 41 0.686785
16 40 0.570706
16 39 0.878303
16 38 0.678532
16 37 0.495298
16 36 0.866476
16 35 0.412452
16 34 0.685815
16 33 0.043426
16 32 0.850778
16 31 0.371731
16 30 0.788241
16 29 0.646888
16 28 0.879222
16 27 0.153440
16 26 0.228777
16 25 0.662713
16 24 0.389082
16 23 0.915025
16 22 0.389882
16 21 0.842659
16 20 0.935213
16 19 0.794908
16 18 0.799776
16 17 0.550596
17 99 0.578392
17 98 0.372922
17 97 0.135460
17 96 0.507792
17 95 0.318927
17 94 0.721002
17 93 0.583429
17 92 0.141050
17 91 0.607823
17 90 0.405979
17 89 0.135511
17 88 0.520202
17 87 0.666053
17 86 0.664970
17 85 0.822561
17 84 0.226780
17 83 0.361273
17 82 0.910868
17 81 0.368604
17 80 0.510236
17 79 0.488436
17 78 0.689691
17 77 0.514170
17 76 0.623433
17 75 0.688858
17 74 0.509807
17 73 0.639654
17 72 0.260009
17 71 0.254571
17 70 0.643938
17 69 0.538342
17 68 0.297506
17 67 0.355283
17 66 0.683950
17 65 0.357261
17 64 0.555289
17 63 0.220296
17 62 0.805345
17 61 0.738116
17 60 0.647318
17 59 0.198958
17 58 0.587771
17 57 0.525708
17 56 0.591060
17 55 0.473848
17 54 0.263892
17 53 0.302540
17 52 0.631189
17 51 0.473240
17 50 0.242949
17 49 0.474833
17 48 0.606984
17 47 0.537660
17 46 0.427219
17 45 0.503364
17 44 0.619149
17 43 0.397178
17 42 0.329021
17 41 0.805275
17 40 0.222646
17 39 0.442701
17 38 0.345472
17 37 0.247240
17 36 0.744035
17 35 0.241924
17 34 0.331017
17 33 0.526543
17 32 0.300418
17 31 0.219982
17 30 0.243914
17 29 0.318779
17 28 0.621710
17 27 0.410057
17 26 0.501153
17 25 0.152560
17 24 0.475832
17 23 0.566190
17 22 0.269176
17 21 0.425333
17 20 0.816880
17 19 0.257641
17 18 0.440495
18 99 0.205015
18 98 0.341881
18 97 0.318924
18 96 0.069132
18 95 0.297943
18 94 0.396517
18 93 0.159576
18 92 0.541496
18 91 0.248599
18 90 0.415496
18 89 0.336627
18 88 0.728078
18 87 0.684327
18 86 0.803237
18 85 0.517836
18 84 0.467881
18 83 0.648050
18 82 0.621479
18 81 0.604312
18 80 0.475875
18 79 0.047943
18 78 0.516739
18 77 0.338197
18 76 0.752671
18 75 0.265188
18 74 0.465358
18 73 0.526858
18 72 0.493785
18 71 0.613050
18 70 0.203492
18 69 0.100082
18 68 0.623212
18 67 0.443679
18 66 0.488110
18 65 0.274926
18 64 0.629825
18 63 0.599962
18 62 0.607551
18 61 0.716582
18 60 0.724938
18 59 0.631340
18 58 0.720536
18 57 0.085983
18 56 0.155359
18 55 0.322824
18 54 0.275988
18 53 0.743011
18 52 0.513320
18 51 0.673423
18 50 0.303837
18 49 0.498291
18 48 0.236406
18 47 0.098728
18 46 0.372058
18 45 0.601777
18 44 0.389901
18 43 0.108125
18 42 0.267594
18 41 0.620503
18 40 0.660540
18 39 0.129612
18 38 0.770695
18 37 0.309564
18 36 0.388841
18 35 0.394955
18 34 0.751885
18 33 0.759898
18 32 0.440670
18 31 0.452588
18 30 0.370728
18 29 0.748794
18 28 0.203228
18 27 0.650168
18 26 0.622707
18 25 0.309159
18 24 0.481610
18 23 0.128301
18 22 0.683985
18 21 0.090074
18 20 0.447019
18 19 0.530459
19 99 0.717907
19 98 0.270327
19 97 0.254376
19 96 0.597585
19 95 0.538460
19 94 0.891343
19 93 0.626483
19 92 0.371098
19 91 0.594890
19 90 0.647381
19 89 0.226518
19 88 0.773059
19 87 0.919974
19 86 0.921532
19 85 1.005019
19 84 0.062605
19 83 0.607105
19 82 1.101986
19 81 0.623172
19 80 0.751453
19 79 0.572774
19 78 0.910388
19 77 0.721774
19 76 0.880712
19 75 0.795401
19 74 0.749107
19 73 0.872350
19 72 0.044111
19 71 0.486108
19 70 0.713391
19 69 0.627474
19 68 0.537412
19 67 0.605637
19 66 0.898132
19 65 0.305015
19 64 0.811550
19 63 0.136220
19 62 1.023852
19 61 0.989250
19 60 0.904611
19 59 0.362685
19 58 0.845158
19 57 0.601114
19 56 0.683034
19 55 0.384612
19 54 0.475604
19 53 0.382093
19 52 0.862361
19 51 0.728246
19 50 0.465184
19 49 0.723454
19 48 0.749620
19 47 0.625265
19 46 0.656897
19 45 0.760137
19 44 0.523301
19 43 0.441115
19 42 0.291344
19 41 1.027307
19 40 0.290221
19 39 0.465400
19 38 0.319204
19 37 0.471816
19 36 0.900312
19 35 0.490691
19 34 0.294783
19 33 0.775163
19 32 0.128713
19 31 0.476998
19 30 0.163812
19 29 0.315568
19 28 0.733418
19 27 0.662322
19 26 0.758672
19 25 0.251101
19 24 0.721835
19 23 0.631596
19 22 0.448240
19 21 0.471788
19 20 0.966687
20 99 0.248784
20 98 0.786414
20 97 0.727736
20 96 0.389976
20 95 0.526705
20 94 0.121730
20 93 0.438775
20 92 0.867444
20 91 0.564204
20 90 0.540063
20 89 0.751933
20 88 0.847462
20 87 0.641808
20 86 0.834841
20 85 0.151034
20 84 0.904479
20 83 0.859474
20 82 0.233141
20 81 0.792181
20 80 0.506119
20 79 0.415372
20 78 0.352471
20 77 0.360586
20 76 0.792091
20 75 0.218050
20 74 0.494062
20 73 0.430702
20 72 0.933443
20 71 0.889814
20 70 0.344142
20 69 0.366691
20 68 0.872417
20 67 0.610799
20 66 0.316347
20 65 0.720252
20 64 0.668292
20 63 1.014297
20 62 0.350505
20 61 0.618443
20 60 0.724956
20 59 0.972024
20 58 0.774730
20 57 0.403093
20 56 0.320957
20 55 0.746054
20 54 0.562964
20 53 1.099989
20 52 0.421359
20 51 0.805225
20 50 0.590848
20 49 0.567593
20 48 0.217097
20 47 0.370187
20 46 0.480657
20 45 0.676370
20 44 0.758265
20 43 0.552651
20 42 0.714502
20 41 0.374075
20 40 1.035408
20 39 0.556575
20 38 1.162346
20 37 0.590217
20 36 0.075012
20 35 0.649954
20 34 1.147578
20 33 0.892022
20 32 0.886407
20 31 0.716067
20 30 0.812999
20 29 1.135133
20 28 0.254081
20 27 0.823724
20 26 0.707704
20 25 0.724345
20 24 0.546742
20 23 0.396847
20 22 0.995719
20 21 0.527964
21 99 0.292174
21 98 0.258564
21 97 0.292996
21 96 0.138100
21 95 0.352715
21 94 0.484609
21 93 0.161418
21 92 0.542773
21 91 0.198097
21 90 0.479443
21 89 0.304125
21 88 0.776373
21 87 0.758377
21 86 0.864280
21 85 0.606086
21 84 0.410153
21 83 0.679296
21 82 0.709951
21 81 0.643223
21 80 0.549672
21 79 0.112597
21 78 0.604631
21 77 0.422064
21 76 0.813903
21 75 0.331730
21 74 0.539947
21 73 0.610649
21 72 0.432062
21 71 0.627694
21 70 0.241651
21 69 0.163883
21 68 0.645534
21 67 0.497143
21 66 0.576838
21 65 0.193043
21 64 0.695302
21 63 0.556734
21 62 0.697145
21 61 0.795534
21 60 0.792607
21 59 0.622979
21 58 0.780450
21 57 0.132030
21 56 0.217079
21 55 0.232755
21 54 0.316836
21 53 0.724703
21 52 0.597251
21 51 0.721299
21 50 0.340341
21 49 0.565454
21 48 0.322848
21 47 0.160885
21 46 0.442447
21 45 0.662885
21 44 0.308059
21 43 0.031062
21 42 0.191115
21 41 0.709766
21 40 0.636734
21 39 0.042350
21 38 0.736379
21 37 0.347397
21 36 0.473591
21 35 0.430792
21 34 0.715917
21 33 0.804659
21 32 0.370086
21 31 0.480858
21 30 0.308284
21 29 0.717468
21 28 0.276742
21 27 0.690252
21 26 0.681196
21 25 0.279088
21 24 0.550372
21 23 0.159809
21 22 0.684378
22 99 0.781374
22 98 0.635270
22 97 0.403286
22 96 0.746628
22 95 0.469271
22 94 0.884497
22 93 0.836707
22 92 0.142563
22 91 0.873295
22 90 0.485085
22 89 0.404632
22 88 0.403321
22 87 0.650057
22 86 0.566462
22 85 0.965221
22 84 0.448987
22 83 0.235461
22 82 1.037077
22 81 0.292913
22 80 0.570934
22 79 0.730998
22 78 0.781129
22 77 0.648219
22 76 0.540633
22 75 0.907977
22 74 0.576565
22 73 0.708566
22 72 0.472263
22 71 0.121618
22 70 0.884856
22 69 0.775563
22 68 0.169229
22 67 0.412127
22 66 0.788449
22 65 0.625396
22 64 0.530508
22 63 0.331628
22 62 0.892254
22 61 0.732989
22 60 0.595782
22 59 0.085599
22 58 0.511310
22 57 0.769816
22 56 0.823775
22 55 0.740786
22 54 0.441595
22 53 0.156005
22 52 0.704822
22 51 0.379314
22 50 0.411404
22 49 0.513349
22 48 0.805247
22 47 0.775651
22 46 0.533310
22 45 0.479146
22 44 0.886979
22 43 0.658199
22 42 0.597546
22 41 0.884999
22 40 0.184001
22 39 0.706138
22 38 0.290342
22 37 0.410249
22 36 0.920709
22 35 0.346048
22 34 0.296248
22 33 0.385796
22 32 0.538325
22 31 0.281022
22 30 0.500560
22 29 0.257974
22 28 0.841309
22 27 0.306944
22 26 0.460519
22 25 0.421048
22 24 0.525159
22 23 0.812265
23 99 0.201450
23 98 0.407084
23 97 0.440343
23 96 0.074058
23 95 0.411305
23 94 0.382254
23 93 0.053724
23 92 0.669758
23 91 0.183425
23 90 0.516297
23 89 0.455348
23 88 0.839772
23 87 0.764188
23 86 0.901686
23 85 0.500447
23 84 0.569923
23 83 0.770496
23 82 0.603498
23 81 0.723258
23 80 0.560344
23 79 0.082244
23 78 0.556280
23 77 0.403526
23 76 0.851347
23 75 0.184191
23 74 0.548630
23 73 0.584975
23 72 0.591770
23 71 0.740414
23 70 0.081995
23 69 0.059219
23 68 0.748880
23 67 0.554453
23 66 0.522499
23 65 0.345445
23 64 0.724462
23 63 0.713834
23 62 0.629538
23 61 0.785157
23 60 0.815194
23 59 0.758841
23 58 0.821086
23 57 0.043204
23 56 0.077286
23 55 0.351294
23 54 0.398266
23 53 0.868606
23 52 0.571318
23 51 0.785874
23 50 0.427331
23 49 0.592898
23 48 0.223763
23 47 0.056050
23 46 0.465521
23 45 0.702342
23 44 0.367843
23 43 0.190562
23 42 0.347986
23 41 0.646285
23 40 0.784275
23 39 0.173146
23 38 0.890107
23 37 0.432436
23 36 0.355746
23 35 0.517404
23 34 0.870397
23 33 0.874058
23 32 0.527921
23 31 0.577314
23 30 0.468059
23 29 0.869631
23 28 0.145694
23 27 0.768112
23 26 0.725935
23 25 0.428738
23 24 0.574279
24 99 0.422526
24 98 0.706485
24 97 0.483824
24 96 0.502645
24 95 0.210379
24 94 0.425049
24 93 0.623554
24 92 0.438755
24 91 0.729954
24 90 0.078440
24 89 0.510793
24 88 0.301942
24 87 0.213805
24 86 0.328308
24 85 0.471001
24 84 0.675281
24 83 0.332139
24 82 0.525517
24 81 0.260693
24 80 0.047118
24 79 0.506151
24 78 0.259755
24 77 0.198394
24 76 0.278424
24 75 0.558477
24 74 0.056022
24 73 0.183415
24 72 0.711133
24 71 0.404265
24 70 0.608359
24 69 0.516053
24 68 0.367415
24 67 0.123138
24 66 0.273804
24 65 0.651033
24 64 0.150201
24 63 0.693604
24 62 0.367677
24 61 0.270616
24 60 0.243329
24 59 0.537578
24 58 0.250559
24 57 0.537156
24 56 0.534664
24 55 0.750521
24 54 0.268999
24 53 0.665789
24 52 0.180137
24 51 0.258491
24 50 0.266463
24 49 0.021289
24 48 0.428404
24 47 0.518776
24 46 0.109725
24 45 0.135959
24 44 0.855928
24 43 0.546230
24 42 0.626071
24 41 0.359853
24 40 0.636313
24 39 0.591902
24 38 0.771903
24 37 0.258562
24 36 0.477426
24 35 0.233912
24 34 0.766304
24 33 0.345741
24 32 0.716249
24 31 0.270388
24 30 0.635603
24 29 0.739183
24 28 0.508390
24 27 0.283443
24 26 0.165240
24 25 0.495511
25 99 0.476888
25 98 0.241257
25 97 0.018796
25 96 0.378251
25 95 0.296578
25 94 0.642981
25 93 0.439860
25 92 0.286510
25 91 0.455923
25 90 0.417745
25 89 0.027935
25 88 0.617259
25 87 0.704455
25 86 0.744493
25 85 0.754990
25 84 0.193141
25 83 0.477807
25 82 0.851203
25 81 0.466482
25 80 0.518655
25 79 0.356134
25 78 0.662896
25 77 0.472220
25 76 0.698186
25 75 0.570197
25 74 0.514481
25 73 0.630727
25 72 0.227515
25 71 0.390985
25 70 0.509203
25 69 0.409219
25 68 0.424486
25 67 0.391176
25 66 0.648931
25 65 0.211918
25 64 0.607114
25 63 0.293151
25 62 0.775178
25 61 0.766126
25 60 0.705389
25 59 0.351144
25 58 0.662067
25 57 0.390875
25 56 0.464198
25 55 0.329960
25 54 0.232971
25 53 0.446126
25 52 0.619931
25 51 0.565115
25 50 0.229401
25 49 0.501070
25 48 0.507882
25 47 0.407880
25 46 0.416997
25 45 0.560170
25 44 0.472294
25 43 0.249523
25 42 0.182758
25 41 0.779644
25 40 0.357663
25 39 0.292515
25 38 0.461874
25 37 0.237120
25 36 0.655512
25 35 0.281784
25 34 0.442787
25 33 0.632549
25 32 0.220746
25 31 0.296288
25 30 0.140732
25 29 0.440903
25 28 0.504702
25 27 0.512540
25 26 0.566289
26 99 0.585572
26 98 0.798285
26 97 0.550900
26 96 0.652661
26 95 0.328482
26 94 0.586083
26 93 0.772773
26 92 0.418149
26 91 0.870390
26 90 0.209658
26 89 0.574441
26 88 0.140630
26 87 0.189659
26 86 0.184127
26 85 0.619972
26 84 0.722514
26 83 0.230814
26 82 0.660821
26 81 0.167627
26 80 0.201776
26 79 0.652922
26 78 0.392392
26 77 0.363608
26 76 0.134663
26 75 0.722528
26 74 0.214089
26 73 0.305455
26 72 0.757453
26 71 0.342677
26 70 0.766304
26 69 0.669143
26 68 0.291291
26 67 0.186129
26 66 0.415739
26 65 0.750816
26 64 0.071082
26 63 0.700997
26 62 0.483350
26 61 0.273034
26 60 0.146784
26 59 0.498339
26 58 0.099741
26 57 0.686634
26 56 0.692543
26 55 0.859665
26 54 0.371485
26 53 0.614249
26 52 0.308423
26 51 0.108497
26 50 0.356330
26 49 0.143985
26 48 0.592809
26 47 0.671547
26 46 0.263898
26 45 0.031747
26 44 0.978134
26 43 0.671869
26 42 0.723369
26 41 0.469324
26 40 0.608698
26 39 0.720849
26 38 0.738270
26 37 0.348099
26 36 0.640119
26 35 0.284721
26 34 0.737936
26 33 0.186346
26 32 0.780253
26 31 0.281991
26 30 0.705302
26 29 0.704816
26 28 0.670589
26 27 0.162820
27 99 0.663042
27 98 0.753629
27 97 0.494707
27 96 0.694273
27 95 0.357448
27 94 0.702878
27 93 0.808572
27 92 0.296416
27 91 0.887520
27 90 0.285959
27 89 0.512920
27 88 0.110751
27 87 0.350134
27 86 0.267126
27 85 0.754442
27 84 0.636747
27 83 0.071553
27 82 0.806199
27 81 0.047466
27 80 0.329345
27 79 0.688515
27 78 0.537643
27 77 0.464489
27 76 0.235592
27 75 0.801465
27 74 0.339363
27 73 0.453870
27 72 0.669414
27 71 0.197735
27 70 0.821982
27 69 0.716298
27 68 0.141752
27 67 0.222806
27 66 0.555618
27 65 0.717116
27 64 0.233723
27 63 0.583270
27 62 0.636923
27 61 0.433962
27 60 0.289228
27 59 0.357271
27 58 0.204787
27 57 0.725864
27 56 0.750106
27 55 0.832949
27 54 0.375361
27 53 0.462800
27 52 0.454305
27 51 0.073016
27 50 0.350066
27 49 0.264642
27 48 0.677067
27 47 0.717941
27 46 0.346865
27 45 0.188260
27 44 0.965000
27 43 0.674146
27 42 0.688088
27 41 0.624781
27 40 0.470355
27 39 0.725434
27 38 0.593251
27 37 0.343266
27 36 0.751816
27 35 0.259559
27 34 0.595765
27 33 0.120055
27 32 0.707699
27 31 0.218910
27 30 0.641641
27 29 0.560055
27 28 0.742140
28 99 0.086889
28 98 0.535039
28 97 0.511976
28 96 0.139223
28 95 0.391997
28 94 0.239238
28 93 0.193403
28 92 0.702103
28 91 0.324217
28 90 0.465950
28 89 0.532603
28 88 0.797484
28 87 0.675251
28 86 0.834509
28 85 0.355532
28 84 0.670818
28 83 0.758015
28 82 0.458160
28 81 0.701176
28 80 0.484145
28 79 0.164932
28 78 0.436089
28 77 0.316244
28 76 0.785502
28 75 0.067306
28 74 0.471525
28 73 0.479108
28 72 0.697001
28 71 0.752732
28 70 0.118602
28 69 0.113343
28 68 0.750240
28 67 0.519779
28 66 0.399761
28 65 0.469784
28 64 0.655698
28 63 0.797730
28 62 0.496541
28 61 0.683688
28 60 0.738008
28 59 0.800445
28 58 0.758854
28 57 0.149094
28 56 0.068417
28 55 0.492061
28 54 0.402044
28 53 0.920501
28 52 0.465866
28 51 0.746429
28 50 0.432729
28 49 0.528916
28 48 0.093237
28 47 0.116665
28 46 0.407567
28 45 0.643311
28 44 0.513021
28 43 0.303351
28 42 0.466478
28 41 0.515050
28 40 0.844345
28 39 0.303096
28 38 0.961725
28 37 0.435362
28 36 0.210058
28 35 0.513710
28 34 0.944231
28 33 0.836474
28 32 0.642715
28 31 0.579389
28 30 0.573926
28 29 0.937758
29 99 0.897042
29 98 0.573725
29 97 0.429963
29 96 0.817564
29 95 0.624636
29 94 1.036756
29 93 0.878882
29 92 0.300442
29 91 0.876861
29 90 0.683157
29 89 0.414381
29 88 0.660372
29 87 0.891837
29 86 0.823332
29 85 1.134054
29 84 0.351837
29 83 0.489535
29 82 1.217921
29 81 0.539119
29 80 0.781250
29 79 0.796252
29 78 0.980415
29 77 0.819436
29 76 0.795450
29 75 1.004559
29 74 0.784154
29 73 0.918280
29 72 0.355999
29 71 0.363764
29 70 0.950037
29 69 0.848493
29 68 0.418601
29 67 0.617232
29 66 0.980438
29 65 0.591911
29 64 0.772318
29 63 0.181627
29 62 1.095464
29 61 0.972799
29 60 0.845746
29 59 0.206665
29 58 0.764737
29 57 0.831603
29 56 0.902743
29 55 0.689275
29 54 0.576380
29 53 0.110289
29 52 0.912127
29 51 0.633046
29 50 0.551588
29 49 0.731686
29 48 0.925750
29 47 0.847387
29 46 0.718697
29 45 0.719299
29 44 0.832912
29 43 0.686983
29 42 0.570452
29 41 1.091927
29 40 0.104037
29 39 0.724847
29 38 0.033456
29 37 0.554176
29 36 1.061897
29 35 0.521129
29 34 0.040748
29 33 0.643771
29 32 0.440275
29 31 0.470307
29 30 0.443982
30 99 0.564834
30 98 0.136461
30 97 0.154699
30 96 0.436540
30 95 0.433393
30 94 0.745240
30 93 0.462808
30 92 0.384308
30 91 0.437743
30 90 0.557580
30 89 0.131089
30 88 0.749028
30 87 0.845129
30 86 0.881651
30 85 0.862267
30 84 0.103490
30 83 0.600034
30 82 0.962077
30 81 0.596942
30 80 0.657412
30 79 0.411378
30 78 0.791658
30 77 0.598547
30 76 0.836143
30 75 0.634513
30 74 0.652723
30 73 0.765219
30 72 0.123917
30 71 0.498455
30 70 0.549760
30 69 0.465942
30 68 0.539811
30 67 0.531822
30 66 0.774766
30 65 0.148589
30 64 0.747521
30 63 0.266692
30 62 0.901465
30 61 0.906157
30 60 0.845528
30 59 0.419554
30 58 0.799991
30 57 0.438415
30 56 0.521258
30 55 0.248988
30 54 0.370253
30 53 0.482429
30 52 0.753928
30 51 0.698310
30 50 0.369168
30 49 0.641557
30 48 0.596815
30 47 0.463574
30 46 0.553707
30 45 0.700100
30 44 0.395578
30 43 0.277777
30 42 0.130213
30 41 0.907618
30 40 0.386865
30 39 0.301787
30 38 0.455889
30 37 0.377042
30 36 0.749245
30 35 0.421502
30 34 0.432926
30 33 0.760865
30 32 0.082665
30 31 0.430385
31 99 0.511488
31 98 0.536379
31 97 0.279096
31 96 0.505573
31 95 0.192270
31 94 0.603673
31 93 0.612075
31 92 0.170564
31 91 0.678951
31 90 0.213475
31 89 0.299642
31 88 0.321124
31 87 0.447630
31 86 0.452187
31 85 0.685097
31 84 0.440751
31 83 0.198485
31 82 0.759956
31 81 0.171840
31 80 0.311191
31 79 0.495370
31 78 0.511999
31 77 0.367522
31 76 0.408081
31 75 0.644186
31 74 0.313859
31 73 0.447973
31 72 0.475556
31 71 0.175467
31 70 0.640643
31 69 0.531294
31 68 0.172297
31 67 0.147455
31 66 0.514971
31 65 0.498321
31 64 0.335399
31 63 0.428965
31 62 0.626292
31 61 0.522057
31 60 0.427618
31 59 0.273755
31 58 0.372029
31 57 0.534154
31 56 0.572985
31 55 0.614040
31 54 0.180364
31 53 0.404531
31 52 0.441901
31 51 0.268841
31 50 0.150360
31 49 0.265108
31 48 0.532769
31 47 0.532234
31 46 0.255041
31 45 0.283382
31 44 0.746876
31 43 0.462076
31 42 0.469350
31 41 0.622011
31 40 0.366818
31 39 0.513507
31 38 0.502686
31 37 0.146034
31 36 0.641085
31 35 0.066948
31 34 0.496319
31 33 0.338666
31 32 0.501831
32 99 0.639474
32 98 0.143175
32 97 0.232970
32 96 0.503880
32 95 0.515519
32 94 0.822836
32 93 0.516197
32 92 0.435789
32 91 0.472394
32 90 0.638480
32 89 0.207131
32 88 0.816659
32 87 0.924571
32 86 0.954018
32 85 0.940855
32 84 0.092373
32 83 0.661540
32 82 1.041390
32 81 0.664321
32 80 0.739009
32 79 0.478301
32 78 0.874194
32 77 0.680967
32 76 0.909515
32 75 0.700944
32 74 0.734536
32 73 0.847794
32 72 0.085275
32 71 0.552197
32 70 0.608406
32 69 0.532153
32 68 0.597575
32 67 0.610150
32 66 0.857040
32 65 0.186870
32 64 0.824838
32 63 0.258700
32 62 0.983737
32 61 0.986865
32 60 0.922130
32 59 0.453999
32 58 0.873389
32 57 0.502038
32 56 0.586595
32 55 0.256233
32 54 0.452215
32 53 0.496380
32 52 0.836536
32 51 0.767357
32 50 0.450093
32 49 0.721616
32 48 0.671491
32 47 0.529481
32 46 0.635920
32 45 0.776464
32 44 0.394804
32 43 0.340986
32 42 0.179988
32 41 0.990063
32 40 0.401372
32 39 0.356349
32 38 0.446235
32 37 0.457848
32 36 0.824465
32 35 0.498193
32 34 0.422022
32 33 0.825665
33 99 0.754120
33 98 0.873671
33 97 0.614676
33 96 0.800001
33 95 0.463124
33 94 0.770294
33 93 0.916718
33 92 0.405112
33 91 1.000907
33 90 0.371057
33 89 0.632623
33 88 0.046266
33 87 0.336846
33 86 0.188078
33 85 0.806290
33 84 0.752568
33 83 0.168355
33 82 0.845079
33 81 0.166826
33 80 0.386133
33 79 0.796116
33 78 0.577603
33 77 0.541148
33 76 0.177534
33 75 0.892575
33 74 0.398029
33 73 0.490194
33 72 0.784516
33 71 0.295631
33 70 0.923373
33 69 0.820278
33 68 0.240403
33 67 0.320196
33 66 0.601860
33 65 0.836981
33 64 0.242299
33 63 0.688118
33 62 0.663715
33 61 0.417057
33 60 0.253933
33 59 0.450318
33 58 0.161878
33 57 0.832545
33 56 0.850414
33 55 0.952577
33 54 0.488104
33 53 0.539354
33 52 0.493888
33 51 0.090093
33 50 0.464538
33 49 0.324677
33 48 0.764830
33 47 0.822196
33 46 0.430980
33 45 0.218092
33 44 1.083649
33 43 0.789806
33 42 0.807988
33 41 0.648005
33 40 0.562739
33 39 0.840876
33 38 0.676059
33 37 0.457327
33 36 0.823157
33 35 0.375644
33 34 0.681831
34 99 0.906878
34 98 0.559001
34 97 0.433316
34 96 0.820928
34 95 0.643317
34 94 1.051781
34 93 0.877171
34 92 0.328189
34 91 0.869084
34 90 0.707949
34 89 0.415552
34 88 0.697411
34 87 0.923920
34 86 0.860150
34 85 1.151510
34 84 0.336564
34 83 0.525719
34 82 1.237229
34 81 0.573269
34 80 0.807493
34 79 0.798921
34 78 1.003812
34 77 0.838828
34 76 0.831339
34 75 1.010634
34 74 0.809903
34 73 0.943808
34 72 0.336898
34 71 0.398623
34 70 0.951442
34 69 0.851899
34 68 0.454058
34 67 0.643715
34 66 1.002531
34 65 0.581494
34 64 0.804687
34 63 0.166454
34 62 1.119205
34 61 1.004266
34 60 0.879999
34 59 0.239847
34 58 0.800163
34 57 0.833393
34 56 0.906676
34 55 0.674586
34 54 0.592643
34 53 0.150948
34 52 0.937239
34 51 0.668779
34 50 0.569075
34 49 0.759613
34 48 0.936170
34 47 0.850613
34 46 0.741142
34 45 0.751465
34 44 0.816461
34 43 0.685138
34 42 0.561454
34 41 1.116376
34 40 0.130581
34 39 0.720929
34 38 0.024618
34 37 0.572173
34 36 1.074956
34 35 0.544246
35 99 0.444810
35 98 0.514680
35 97 0.266823
35 96 0.444736
35 95 0.125322
35 94 0.538564
35 93 0.554431
35 92 0.226512
35 91 0.628333
35 90 0.165837
35 89 0.291274
35 88 0.351209
35 87 0.430055
35 86 0.464929
35 85 0.622939
35 84 0.447546
35 83 0.253238
35 82 0.700668
35 81 0.212439
35 80 0.269181
35 79 0.436035
35 78 0.459588
35 77 0.304982
35 76 0.417588
35 75 0.578118
35 74 0.269603
35 73 0.401837
35 72 0.483226
35 71 0.242415
35 70 0.578220
35 69 0.469467
35 68 0.236611
35 67 0.114948
35 66 0.459446
35 65 0.470100
35 64 0.326673
35 63 0.460367
35 62 0.574962
35 61 0.498620
35 60 0.424111
35 59 0.331916
35 58 0.381595
35 57 0.474427
35 56 0.509452
35 55 0.582508
35 54 0.119213
35 53 0.462909
35 52 0.394412
35 51 0.296546
35 50 0.091420
35 49 0.233491
35 48 0.465876
35 47 0.470605
35 46 0.197693
35 45 0.278601
35 44 0.709367
35 43 0.414649
35 42 0.441936
35 41 0.572430
35 40 0.417093
35 39 0.465902
35 38 0.552662
35 37 0.085393
35 36 0.574947
36 99 0.185113
36 98 0.730525
36 97 0.658126
36 96 0.337336
36 95 0.451727
36 94 0.059423
36 93 0.402540
36 92 0.792652
36 91 0.532162
36 90 0.467168
36 89 0.682891
36 88 0.779079
36 87 0.585894
36 86 0.774030
36 85 0.148588
36 84 0.838427
36 83 0.786126
36 82 0.249003
36 81 0.719376
36 80 0.438362
36 79 0.361912
36 78 0.302574
36 77 0.287656
36 76 0.729862
36 75 0.192834
36 74 0.426034
36 73 0.374219
36 72 0.868232
36 71 0.814936
36 70 0.315778
36 69 0.317525
36 68 0.797978
36 67 0.537211
36 66 0.264778
36 65 0.663707
36 64 0.603986
36 63 0.943836
36 62 0.322828
36 61 0.569777
36 60 0.665766
36 59 0.897340
36 58 0.710814
36 57 0.355098
36 56 0.278460
36 55 0.698184
36 54 0.488614
36 53 1.025529
36 52 0.363722
36 51 0.735560
36 50 0.516277
36 49 0.498483
36 48 0.153144
36 47 0.321275
36 46 0.407310
36 45 0.609079
36 44 0.722817
36 43 0.496295
36 42 0.655964
36 41 0.344994
36 40 0.961752
36 39 0.505272
36 38 1.089402
36 37 0.515533
37 99 0.371425
37 98 0.453967
37 97 0.226107
37 96 0.360113
37 95 0.071719
37 94 0.485111
37 93 0.469055
37 92 0.277414
37 91 0.544292
37 90 0.180632
37 89 0.253571
37 88 0.430139
37 87 0.469269
37 86 0.531812
37 85 0.579880
37 84 0.421232
37 83 0.338553
37 82 0.665238
37 81 0.296555
37 80 0.282160
37 79 0.350873
37 78 0.444224
37 77 0.267350
37 76 0.482750
37 75 0.500978
37 74 0.278662
37 73 0.400723
37 72 0.456963
37 71 0.317394
37 70 0.494660
37 69 0.385434
37 68 0.318330
37 67 0.163103
37 66 0.437035
37 65 0.403511
37 64 0.378522
37 63 0.465835
37 62 0.559542
37 61 0.529130
37 60 0.478073
37 59 0.381811
37 58 0.447476
37 57 0.389386
37 56 0.427015
37 55 0.511582
37 54 0.034358
37 53 0.510335
37 52 0.391012
37 51 0.375082
37 50 0.008316
37 49 0.265009
37 48 0.394998
37 47 0.386439
37 46 0.185282
37 45 0.336075
37 44 0.632859
37 43 0.332770
37 42 0.376616
37 41 0.560582
37 40 0.451466
37 39 0.383672
37 38 0.583788
38 99 0.922864
38 98 0.582747
38 97 0.451832
38 96 0.839655
38 95 0.654564
38 94 1.065194
38 93 0.897734
38 92 0.333157
38 91 0.891423
38 90 0.715261
38 89 0.434874
38 88 0.693157
38 87 0.925278
38 86 0.856179
38 85 1.163585
38 84 0.360288
38 83 0.522632
38 82 1.248220
38 81 0.572534
38 80 0.813765
38 79 0.817908
38 78 1.012145
38 77 0.849708
38 76 0.828580
38 75 1.028310
38 74 0.816542
38 73 0.950627
38 72 0.361171
38 71 0.397133
38 70 0.970940
38 69 0.870619
38 68 0.451872
38 67 0.649777
38 66 1.011737
38 65 0.604391
38 64 0.805767
38 63 0.189852
38 62 1.127314
38 61 1.006208
38 60 0.879138
38 59 0.240111
38 58 0.797968
38 57 0.852721
38 56 0.925203
38 55 0.698357
38 54 0.605249
38 53 0.139617
38 52 0.944359
38 51 0.666227
38 50 0.580981
38 49 0.764580
38 48 0.951888
38 47 0.869402
38 46 0.750069
38 45 0.752740
38 44 0.840525
38 43 0.705686
38 42 0.584006
38 41 1.123989
38 40 0.135916
38 39 0.742147
39 99 0.326760
39 98 0.234395
39 97 0.308012
39 96 0.167936
39 95 0.392522
39 94 0.519362
39 93 0.161102
39 92 0.565727
39 91 0.168292
39 90 0.520384
39 89 0.315640
39 88 0.813557
39 87 0.800399
39 86 0.904261
39 85 0.640810
39 84 0.405102
39 83 0.711935
39 82 0.744834
39 81 0.678211
39 80 0.591745
39 79 0.143690
39 78 0.645851
39 77 0.464177
39 76 0.853961
39 75 0.353463
39 74 0.582087
39 73 0.652818
39 72 0.424062
39 71 0.655077
39 70 0.252350
39 69 0.189923
39 68 0.675459
39 67 0.536135
39 66 0.617605
39 65 0.172345
39 64 0.736222
39 63 0.558858
39 62 0.737116
39 61 0.837865
39 60 0.833809
39 59 0.641487
39 58 0.820276
39 57 0.154394
39 56 0.239475
39 55 0.195081
39 54 0.354108
39 53 0.738284
39 52 0.639403
39 51 0.758472
39 50 0.376361
39 49 0.606752
39 48 0.356635
39 47 0.186490
39 46 0.484276
39 45 0.703071
39 44 0.265759
39 43 0.051439
39 42 0.176571
39 41 0.750114
39 40 0.648239
40 99 0.799992
40 98 0.522200
40 97 0.344482
40 96 0.728599
40 95 0.521518
40 94 0.935243
40 93 0.797453
40 92 0.197776
40 91 0.806530
40 90 0.579354
40 89 0.332951
40 88 0.574843
40 87 0.793891
40 86 0.736565
40 85 1.031175
40 84 0.309057
40 83 0.401665
40 82 1.114344
40 81 0.445366
40 80 0.677952
40 79 0.708378
40 78 0.876417
40 77 0.715933
40 76 0.705718
40 75 0.911474
40 74 0.680659
40 73 0.814728
40 72 0.323253
40 71 0.272625
40 70 0.863410
40 69 0.759346
40 68 0.328824
40 67 0.514003
40 66 0.876411
40 65 0.530007
40 64 0.674862
40 63 0.158866
40 62 0.991511
40 61 0.873959
40 60 0.751785
40 59 0.113221
40 58 0.673741
40 57 0.744861
40 56 0.812681
40 55 0.635850
40 54 0.474636
40 53 0.095745
40 52 0.808444
40 51 0.543193
40 50 0.449155
40 49 0.629316
40 48 0.828071
40 47 0.758496
40 46 0.614665
40 45 0.621547
40 44 0.782269
40 43 0.606997
40 42 0.505796
40 41 0.988095
41 99 0.444840
41 98 0.937157
41 97 0.773780
41 96 0.598614
41 95 0.490602
41 94 0.290861
41 93 0.699383
41 92 0.792552
41 91 0.829534
41 90 0.408774
41 89 0.801926
41 88 0.602039
41 87 0.327797
41 86 0.531760
41 85 0.228438
41 84 0.972254
41 83 0.683526
41 82 0.213585
41 81 0.612279
41 80 0.314270
41 79 0.616514
41 78 0.116921
41 77 0.309101
41 76 0.500961
41 75 0.524578
41 74 0.309507
41 73 0.176437
41 72 1.007056
41 71 0.764087
41 70 0.633259
41 69 0.592530
41 68 0.725762
41 67 0.476759
41 66 0.134655
41 65 0.871883
41 64 0.405971
41 63 1.025344
41 62 0.024034
41 61 0.274464
41 60 0.420630
41 59 0.894302
41 58 0.496992
41 57 0.628050
41 56 0.575442
41 55 0.941397
41 54 0.552284
41 53 1.023813
41 52 0.180681
41 51 0.577805
41 50 0.566156
41 49 0.372557
41 48 0.424748
41 47 0.596425
41 46 0.378170
41 45 0.439610
41 44 1.003741
41 43 0.721304
41 42 0.854413
42 99 0.471227
42 98 0.083182
42 97 0.201552
42 96 0.327256
42 95 0.415777
42 94 0.659986
42 93 0.337110
42 92 0.467500
42 91 0.307896
42 90 0.548169
42 89 0.193905
42 88 0.789255
42 87 0.839825
42 86 0.905926
42 85 0.780285
42 84 0.233111
42 83 0.657891
42 82 0.882859
42 81 0.641173
42 80 0.639020
42 79 0.301547
42 78 0.741853
42 77 0.548998
42 76 0.857672
42 75 0.522798
42 74 0.632055
42 73 0.729298
42 72 0.248959
42 71 0.573712
42 70 0.428427
42 69 0.354493
42 68 0.606738
42 67 0.539645
42 66 0.719779
42 65 0.029296
42 64 0.754850
42 63 0.395809
42 62 0.845192
42 61 0.891620
42 60 0.854471
42 59 0.522198
42 58 0.821985
42 57 0.323105
42 56 0.408175
42 55 0.147276
42 54 0.358606
42 53 0.600112
42 52 0.716868
42 51 0.735661
42 50 0.368302
42 49 0.636063
42 48 0.503009
42 47 0.351637
42 46 0.530139
42 45 0.712575
42 44 0.290366
42 43 0.163159
43 99 0.313056
43 98 0.234254
43 97 0.263897
43 96 0.164139
43 95 0.344044
43 94 0.504617
43 93 0.192050
43 92 0.517127
43 91 0.218706
43 90 0.473421
43 89 0.274151
43 88 0.762829
43 87 0.756367
43 86 0.855576
43 85 0.625895
43 84 0.379367
43 83 0.660512
43 82 0.729465
43 81 0.626897
43 80 0.548187
43 79 0.138428
43 78 0.614007
43 77 0.427915
43 76 0.805388
43 75 0.360050
43 74 0.538954
43 73 0.615696
43 72 0.401638
43 71 0.604696
43 70 0.272486
43 69 0.191446
43 68 0.624395
43 67 0.486641
43 66 0.587544
43 65 0.167664
43 64 0.689021
43 63 0.525722
43 62 0.709520
43 61 0.796501
43 60 0.787127
43 59 0.595374
43 58 0.771442
43 57 0.161265
43 56 0.245613
43 55 0.220328
43 54 0.303663
43 53 0.695514
43 52 0.602456
43 51 0.707752
43 50 0.325381
43 49 0.560458
43 48 0.344308
43 47 0.188664
43 46 0.439760
43 45 0.654733
43 44 0.309698
44 99 0.563758
44 98 0.260314
44 97 0.491022
44 96 0.405333
44 95 0.652216
44 94 0.749845
44 93 0.320512
44 92 0.757851
44 91 0.195328
44 90 0.782782
44 89 0.484258
44 88 1.060575
44 87 1.065687
44 86 1.162232
44 85 0.868274
44 84 0.481075
44 83 0.941075
44 82 0.971171
44 81 0.917574
44 80 0.857197
44 79 0.387377
44 78 0.904436
44 77 0.727957
44 76 1.112358
44 75 0.540317
44 74 0.847674
44 73 0.916683
44 72 0.480077
44 71 0.862988
44 70 0.414770
44 69 0.414507
44 68 0.893787
44 67 0.792089
44 66 0.874044
44 65 0.261892
44 64 0.998059
44 63 0.651576
44 62 0.988872
44 61 1.103571
44 60 1.096490
44 59 0.809855
44 58 1.077875
44 57 0.377488
44 56 0.444879
44 55 0.147047
44 54 0.606963
44 53 0.877919
44 52 0.903166
44 51 1.005853
44 50 0.624929
44 49 0.870059
44 48 0.589259
44 47 0.410559
44 46 0.749217
44 45 0.962380
45 99 0.557858
45 98 0.788872
45 97 0.545411
45 96 0.629445
45 95 0.310693
45 94 0.554796
45 93 0.749932
45 92 0.428247
45 91 0.850032
45 90 0.186661
45 89 0.569781
45 88 0.172361
45 87 0.172539
45 86 0.201640
45 85 0.588239
45 84 0.721822
45 83 0.253694
45 82 0.629599
45 81 0.187075
45 80 0.170739
45 79 0.630592
45 78 0.360994
45 77 0.334216
45 76 0.151130
45 75 0.694272
45 74 0.183174
45 73 0.274247
45 72 0.757074
45 71 0.359604
45 70 0.740744
45 69 0.645062
45 68 0.310259
45 67 0.172972
45 66 0.384069
45 65 0.739583
45 64 0.053488
45 63 0.707825
45 62 0.453186
45 61 0.254259
45 60 0.145702
45 59 0.512636
45 58 0.118941
45 57 0.663616
45 56 0.666958
45 55 0.846677
45 54 0.357322
45 53 0.631408
45 52 0.276980
45 51 0.138926
45 50 0.344377
45 49 0.114899
45 48 0.564294
45 47 0.647563
45 46 0.238140
46 99 0.323704
46 98 0.612123
46 97 0.408032
46 96 0.393422
46 95 0.120470
46 94 0.361932
46 93 0.514296
46 92 0.423318
46 91 0.620289
46 90 0.060992
46 89 0.436008
46 88 0.390646
46 87 0.316635
46 86 0.436180
46 85 0.432420
46 84 0.605293
46 83 0.378848
46 82 0.504927
46 81 0.312380
46 80 0.109554
46 79 0.396507
46 78 0.263345
46 77 0.120266
46 76 0.385889
46 75 0.461862
46 74 0.101941
46 73 0.215471
46 72 0.640868
46 71 0.418799
46 70 0.502642
46 69 0.407678
46 68 0.394824
46 67 0.130282
46 66 0.261765
46 65 0.553652
46 64 0.259331
46 63 0.647424
46 62 0.379073
46 61 0.361818
46 60 0.352964
46 59 0.528058
46 58 0.356215
46 57 0.427869
46 56 0.428858
46 55 0.648435
46 54 0.184030
46 53 0.659063
46 52 0.205752
46 51 0.340969
46 50 0.191731
46 49 0.127495
46 48 0.333869
46 47 0.410295
47 99 0.153268
47 98 0.418635
47 97 0.417600
47 96 0.029897
47 95 0.360530
47 94 0.341312
47 93 0.108582
47 92 0.633631
47 91 0.234080
47 90 0.461899
47 89 0.435322
47 88 0.787160
47 87 0.708145
47 86 0.846463
47 85 0.461632
47 84 0.562858
47 83 0.722952
47 82 0.565487
47 81 0.673666
47 80 0.504383
47 79 0.052656
47 78 0.503575
47 77 0.347670
47 76 0.796183
47 75 0.171468
47 74 0.492641
47 73 0.529974
47 72 0.587342
47 71 0.698706
47 70 0.109432
47 69 0.003948
47 68 0.704400
47 67 0.502142
47 66 0.470522
47 65 0.353765
47 64 0.668976
47 63 0.698270
47 62 0.580434
47 61 0.729543
47 60 0.759351
47 59 0.726150
47 58 0.766185
47 57 0.033965
47 56 0.057771
47 55 0.377120
47 54 0.352091
47 53 0.839938
47 52 0.516303
47 51 0.733565
47 50 0.381874
47 49 0.537548
47 48 0.179089
48 99 0.032019
48 98 0.578287
48 97 0.511874
48 96 0.189830
48 95 0.340734
48 94 0.163107
48 93 0.275874
48 92 0.670519
48 91 0.406977
48 90 0.394206
48 89 0.535582
48 88 0.724080
48 87 0.585689
48 86 0.750870
48 85 0.284339
48 84 0.687453
48 83 0.699638
48 82 0.388394
48 81 0.638666
48 80 0.400321
48 79 0.213049
48 78 0.342977
48 77 0.231655
48 76 0.702618
48 75 0.130381
48 74 0.387546
48 73 0.386724
48 72 0.716634
48 71 0.708168
48 70 0.211345
48 69 0.175153
48 68 0.699492
48 67 0.454545
48 66 0.306861
48 65 0.511304
48 64 0.572706
48 63 0.799003
48 62 0.407093
48 61 0.591491
48 60 0.651537
48 59 0.772803
48 58 0.677495
48 57 0.212769
48 56 0.150766
48 55 0.551219
48 54 0.364203
48 53 0.897751
48 52 0.373594
48 51 0.674836
48 50 0.394021
48 49 0.449395
49 99 0.443208
49 98 0.715843
49 97 0.488777
49 96 0.520912
49 95 0.221321
49 94 0.445878
49 93 0.641790
49 92 0.431548
49 91 0.746822
49 90 0.088290
49 89 0.515384
49 88 0.280756
49 87 0.204475
49 86 0.309012
49 85 0.490121
49 84 0.678189
49 83 0.315339
49 82 0.542697
49 81 0.243730
49 80 0.064705
49 79 0.523853
49 78 0.275619
49 77 0.219626
49 76 0.258903
49 75 0.579398
49 74 0.075114
49 73 0.196487
49 72 0.714019
49 71 0.392033
49 70 0.628110
49 69 0.534880
49 68 0.353334
49 67 0.119738
49 66 0.291354
49 65 0.661461
49 64 0.131886
49 63 0.691226
49 62 0.381397
49 61 0.266320
49 60 0.227216
49 59 0.528754
49 58 0.230359
49 57 0.555364
49 56 0.554372
49 55 0.762546
49 54 0.277846
49 53 0.656024
49 52 0.194371
49 51 0.237741
49 50 0.273085
50 99 0.369988
50 98 0.445662
50 97 0.218613
50 96 0.355290
50 95 0.076213
50 94 0.486698
50 93 0.463391
50 92 0.277337
50 91 0.537456
50 90 0.188428
50 89 0.246172
50 88 0.437673
50 87 0.477391
50 86 0.540005
50 85 0.582605
50 84 0.414208
50 83 0.344219
50 82 0.668695
50 81 0.303232
50 80 0.289587
50 79 0.345602
50 78 0.449664
50 77 0.271260
50 76 0.490974
50 75 0.498591
50 74 0.285920
50 73 0.407202
50 72 0.449906
50 71 0.320320
50 70 0.490343
50 69 0.380938
50 68 0.322579
50 67 0.171405
50 66 0.441924
50 65 0.395207
50 64 0.386834
50 63 0.460936
50 62 0.564848
50 61 0.536989
50 60 0.486387
50 59 0.381277
50 58 0.455679
50 57 0.384229
50 56 0.423173
50 55 0.503370
50 54 0.030696
50 53 0.509299
50 52 0.397364
50 51 0.382633
51 99 0.664028
51 98 0.804731
51 97 0.547927
51 96 0.711830
51 95 0.375785
51 94 0.683539
51 93 0.829295
51 92 0.366299
51 91 0.916371
51 90 0.280969
51 89 0.568045
51 88 0.055085
51 87 0.285821
51 86 0.195705
51 85 0.724324
51 84 0.699842
51 83 0.143939
51 82 0.768262
51 81 0.105100
51 80 0.300693
51 79 0.708622
51 78 0.499419
51 77 0.452078
51 76 0.162600
51 75 0.802490
51 74 0.312165
51 73 0.413009
51 72 0.733244
51 71 0.270621
51 70 0.834027
51 69 0.731577
51 68 0.214748
51 67 0.231451
51 66 0.521309
51 65 0.764300
51 64 0.175166
51 63 0.653593
51 62 0.591826
51 61 0.369400
51 60 0.218562
51 59 0.430173
51 58 0.132012
51 57 0.744656
51 56 0.760930
51 55 0.878227
51 54 0.404505
51 53 0.535284
51 52 0.415363
52 99 0.381581
52 98 0.799983
52 97 0.611983
52 96 0.509890
52 95 0.324268
52 94 0.304850
52 93 0.624733
52 92 0.612336
52 91 0.747618
52 90 0.229314
52 89 0.640096
52 88 0.447705
52 87 0.222257
52 86 0.414056
52 85 0.314801
52 84 0.809998
52 83 0.508913
52 82 0.353021
52 81 0.437295
52 80 0.133889
52 79 0.522013
52 78 0.084056
52 77 0.175270
52 76 0.372927
52 75 0.497952
52 74 0.128826
52 73 0.013684
52 72 0.845425
52 71 0.584210
52 70 0.581121
52 69 0.512763
52 68 0.547366
52 67 0.296139
52 66 0.109744
52 65 0.737666
52 64 0.255564
52 63 0.851462
52 62 0.187560
52 61 0.217897
52 60 0.303618
52 59 0.713717
52 58 0.358954
52 57 0.543204
52 56 0.512353
52 55 0.820871
52 54 0.387698
52 53 0.843140
53 99 0.870932
53 98 0.617909
53 97 0.431710
53 96 0.810100
53 95 0.577315
53 94 0.995126
53 93 0.884437
53 92 0.236481
53 91 0.898644
53 90 0.617146
53 89 0.422692
53 88 0.558748
53 87 0.803290
53 86 0.721878
53 85 1.085104
53 84 0.404194
53 83 0.391383
53 82 1.163453
53 81 0.446779
53 80 0.710018
53 79 0.790954
53 78 0.915824
53 77 0.767406
53 76 0.696615
53 75 0.987805
53 74 0.714319
53 73 0.848076
53 72 0.416995
53 71 0.271830
53 70 0.946472
53 69 0.840542
53 68 0.323591
53 67 0.547120
53 66 0.919499
53 65 0.624757
53 64 0.683525
53 63 0.247281
53 62 1.029300
53 61 0.885660
53 60 0.751299
53 59 0.131043
53 58 0.667289
53 57 0.828242
53 56 0.892769
53 55 0.731411
53 54 0.537049
54 99 0.339802
54 98 0.438002
54 97 0.224339
54 96 0.325824
54 95 0.063628
54 94 0.460608
54 93 0.435349
54 92 0.306521
54 91 0.512840
54 90 0.190605
54 89 0.252423
54 88 0.459587
54 87 0.482134
54 86 0.555602
54 85 0.559034
54 84 0.422342
54 83 0.372447
54 82 0.647052
54 81 0.328976
54 80 0.287455
54 79 0.316825
54 78 0.435419
54 77 0.251827
54 76 0.506005
54 75 0.467944
54 74 0.282499
54 73 0.398208
54 72 0.457733
54 71 0.351000
54 70 0.460306
54 69 0.351079
54 68 0.352659
54 67 0.185362
54 66 0.425422
54 65 0.384541
54 64 0.397165
54 63 0.479195
54 62 0.549814
54 61 0.538077
54 60 0.496774
54 59 0.409825
54 58 0.471198
54 57 0.355254
54 56 0.392774
54 55 0.489461
55 99 0.521656
55 98 0.115623
55 97 0.348755
55 96 0.361662
55 95 0.541367
55 94 0.714162
55 93 0.319139
55 92 0.613497
55 91 0.234663
55 90 0.674277
55 89 0.339847
55 88 0.932322
55 87 0.963657
55 86 1.043359
55 85 0.835540
55 84 0.338071
55 83 0.804526
55 82 0.939589
55 81 0.785799
55 80 0.757952
55 79 0.338193
55 78 0.834311
55 77 0.647151
55 76 0.994324
55 75 0.535435
55 74 0.749682
55 73 0.833956
55 72 0.340674
55 71 0.720792
55 70 0.419888
55 69 0.380810
55 68 0.753990
55 67 0.674086
55 66 0.807805
55 65 0.118048
55 64 0.886196
55 63 0.508682
55 62 0.929281
55 61 1.009231
55 60 0.985663
55 59 0.663076
55 58 0.959048
55 57 0.343550
55 56 0.425338
56 99 0.132833
56 98 0.473287
56 97 0.473404
56 96 0.086332
56 95 0.393700
56 94 0.305921
56 93 0.126324
56 92 0.682427
56 91 0.257634
56 90 0.484021
56 89 0.491776
56 88 0.813567
56 87 0.714028
56 86 0.862898
56 85 0.423426
56 84 0.620629
56 83 0.759594
56 82 0.526322
56 81 0.707073
56 80 0.515500
56 79 0.110367
56 78 0.490333
56 77 0.351778
56 76 0.813088
56 75 0.114674
56 74 0.503253
56 73 0.525876
56 72 0.645056
56 71 0.742588
56 70 0.073786
56 69 0.055700
56 68 0.745225
56 67 0.530570
56 66 0.455260
56 65 0.409221
56 64 0.684250
56 63 0.755318
56 62 0.557859
56 61 0.728865
56 60 0.771076
56 59 0.776989
56 58 0.784567
56 57 0.085491
57 99 0.186328
57 98 0.387841
57 97 0.401750
57 96 0.034601
57 95 0.369515
57 94 0.375196
57 93 0.086429
57 92 0.627364
57 91 0.204757
57 90 0.477180
57 89 0.417878
57 88 0.798736
57 87 0.730700
57 86 0.863671
57 85 0.495583
57 84 0.538965
57 83 0.727578
57 82 0.599448
57 81 0.680829
57 80 0.525170
57 79 0.039099
57 78 0.533423
57 77 0.372374
57 76 0.813232
57 75 0.200092
57 74 0.513714
57 73 0.556888
57 72 0.562331
57 71 0.697281
57 70 0.118573
57 69 0.037828
57 68 0.705685
57 67 0.513360
57 66 0.500985
57 65 0.323745
57 64 0.687164
57 63 0.678644
57 62 0.612416
57 61 0.754761
57 60 0.779106
57 59 0.717264
57 58 0.782499
58 99 0.672780
58 98 0.896114
58 97 0.646184
58 96 0.748296
58 95 0.427782
58 94 0.654377
58 93 0.868833
58 92 0.491885
58 91 0.968649
58 90 0.305600
58 89 0.668912
58 88 0.121373
58 87 0.176497
58 86 0.084407
58 85 0.673503
58 84 0.812116
58 83 0.275949
58 82 0.701340
58 81 0.229743
58 80 0.278001
58 79 0.749533
58 78 0.439746
58 77 0.446006
58 76 0.036153
58 75 0.807833
58 74 0.290819
58 73 0.352604
58 72 0.846544
58 71 0.401608
58 70 0.858332
58 69 0.763645
58 68 0.346173
58 67 0.285855
58 66 0.468690
58 65 0.849614
58 64 0.106897
58 63 0.778604
58 62 0.514526
58 61 0.255334
58 60 0.092488
58 59 0.561016
59 99 0.746890
59 98 0.555269
59 97 0.334358
59 96 0.696579
59 95 0.447536
59 94 0.865662
59 93 0.779286
59 92 0.105696
59 91 0.806770
59 90 0.486788
59 89 0.332011
59 88 0.461676
59 87 0.685175
59 86 0.623347
59 85 0.954388
59 84 0.364034
59 83 0.288446
59 82 1.032413
59 81 0.333445
59 80 0.581107
59 79 0.679055
59 78 0.785495
59 77 0.636578
59 76 0.592748
59 75 0.867669
59 74 0.584987
59 73 0.719005
59 72 0.386803
59 71 0.159551
59 70 0.834338
59 69 0.726429
59 68 0.215648
59 67 0.417582
59 66 0.788689
59 65 0.549345
59 64 0.565658
59 63 0.248595
59 62 0.899339
59 61 0.766232
59 60 0.640163
60 99 0.651123
60 98 0.931945
60 97 0.690829
60 96 0.744521
60 95 0.445127
60 94 0.607485
60 93 0.865351
60 92 0.563787
60 91 0.973253
60 90 0.313722
60 89 0.715366
60 88 0.213822
60 87 0.092913
60 86 0.112396
60 85 0.612381
60 84 0.867184
60 83 0.360748
60 82 0.630204
60 81 0.306735
60 80 0.255623
60 79 0.748919
60 78 0.378356
60 77 0.421783
60 76 0.082629
60 75 0.781314
60 74 0.267823
60 73 0.294727
60 72 0.902347
60 71 0.482033
60 70 0.844178
60 69 0.756464
60 68 0.428042
60 67 0.315787
60 66 0.411064
60 65 0.880966
60 64 0.099639
60 63 0.847617
60 62 0.439928
60 61 0.165106
61 99 0.599013
61 98 0.973201
61 97 0.754370
61 96 0.720767
61 95 0.477150
61 94 0.510385
61 93 0.838114
61 92 0.678499
61 91 0.957722
61 90 0.348603
61 89 0.781231
61 88 0.374797
61 87 0.083840
61 86 0.267402
61 85 0.488475
61 84 0.944496
61 83 0.503471
61 82 0.488040
61 81 0.440202
61 80 0.252604
61 79 0.730656
61 78 0.267311
61 77 0.382399
61 76 0.247310
61 75 0.715222
61 74 0.259948
61 73 0.204824
61 72 0.980321
61 71 0.613842
61 70 0.798438
61 69 0.726140
61 68 0.563838
61 67 0.383736
61 66 0.305000
61 65 0.915408
61 64 0.202505
61 63 0.951022
61 62 0.296489
62 99 0.428153
62 98 0.927699
62 97 0.769861
62 96 0.583550
62 95 0.488917
62 94 0.269543
62 93 0.682408
62 92 0.796830
62 91 0.812927
62 90 0.412817
62 89 0.797954
62 88 0.617616
62 87 0.347303
62 86 0.551500
62 85 0.204443
62 84 0.968105
62 83 0.694329
62 82 0.191860
62 81 0.622875
62 80 0.321396
62 79 0.602024
62 78 0.115746
62 77 0.303266
62 76 0.519611
62 75 0.504225
62 74 0.315775
62 73 0.184970
62 72 1.002691
62 71 0.771750
62 70 0.614447
62 69 0.576522
62 68 0.734689
62 67 0.482267
62 66 0.126700
62 65 0.862052
62 64 0.421433
62 63 1.025072
63 99 0.768469
63 98 0.393059
63 97 0.287361
63 96 0.669021
63 95 0.537148
63 94 0.926611
63 93 0.717145
63 92 0.287312
63 91 0.703680
63 90 0.625534
63 89 0.265220
63 88 0.692812
63 87 0.875861
63 86 0.849287
63 85 1.033323
63 84 0.170672
63 83 0.520684
63 82 1.124793
63 81 0.549807
63 80 0.729465
63 79 0.645890
63 78 0.909519
63 77 0.730975
63 76 0.812859
63 75 0.862935
63 74 0.729442
63 73 0.859858
63 72 0.174855
63 71 0.392624
63 70 0.795547
63 69 0.699877
63 68 0.447789
63 67 0.571528
63 66 0.902840
63 65 0.415280
63 64 0.760971
64 99 0.569208
64 98 0.832452
64 97 0.592878
64 96 0.652687
64 95 0.346141
64 94 0.547713
64 93 0.773583
64 92 0.481736
64 91 0.878412
64 90 0.215861
64 89 0.617814
64 88 0.196184
64 87 0.119783
64 86 0.178892
64 85 0.570279
64 84 0.772184
64 83 0.301872
64 82 0.603718
64 81 0.237698
64 80 0.172420
64 79 0.655738
64 78 0.338084
64 77 0.341053
64 76 0.129934
64 75 0.703085
64 74 0.185219
64 73 0.250427
64 72 0.807578
64 71 0.411710
64 70 0.757847
64 69 0.666254
64 68 0.361337
64 67 0.216605
64 66 0.365088
64 65 0.781328
65 99 0.479796
65 98 0.067213
65 97 0.230714
65 96 0.330952
65 95 0.440654
65 94 0.670220
65 93 0.330141
65 92 0.496176
65 91 0.290304
65 90 0.573388
65 89 0.222471
65 88 0.817990
65 87 0.864838
65 86 0.933647
65 85 0.791076
65 84 0.249200
65 83 0.687163
65 82 0.894163
65 81 0.670157
65 80 0.662839
65 79 0.305319
65 78 0.760279
65 77 0.568198
65 76 0.885232
65 75 0.523831
65 74 0.655591
65 73 0.750251
65 72 0.261663
65 71 0.602810
65 70 0.424453
65 69 0.356835
65 68 0.636010
65 67 0.566612
65 66 0.737238
66 99 0.322595
66 98 0.802506
66 97 0.643930
66 96 0.470221
66 95 0.365727
66 94 0.205386
66 93 0.576111
66 92 0.684514
66 91 0.704578
66 90 0.303543
66 89 0.671976
66 88 0.555812
66 87 0.325798
66 86 0.522395
66 85 0.205197
66 84 0.841968
66 83 0.605919
66 82 0.251830
66 81 0.534497
66 80 0.226931
66 79 0.486765
66 78 0.038257
66 77 0.176760
66 76 0.482202
66 75 0.420315
66 74 0.218049
66 73 0.116758
66 72 0.876435
66 71 0.670059
66 70 0.518181
66 69 0.466702
66 68 0.637998
66 67 0.376383
67 99 0.440237
67 98 0.616345
67 97 0.377458
67 96 0.480420
67 95 0.145876
67 94 0.492207
67 93 0.598290
67 92 0.316883
67 91 0.689144
67 90 0.074074
67 89 0.403045
67 88 0.285376
67 87 0.315546
67 86 0.370253
67 85 0.559251
67 84 0.562126
67 83 0.249050
67 82 0.626024
67 81 0.184508
67 80 0.164029
67 79 0.477624
67 78 0.369569
67 77 0.250548
67 76 0.320655
67 75 0.578680
67 74 0.167425
67 73 0.301536
67 72 0.597861
67 71 0.293953
67 70 0.603325
67 69 0.500178
67 68 0.265841
68 99 0.679854
68 98 0.662866
68 97 0.405749
68 96 0.677546
68 95 0.359552
68 94 0.755740
68 93 0.782342
68 92 0.166314
68 91 0.842902
68 90 0.339777
68 89 0.418387
68 88 0.246996
68 87 0.480837
68 86 0.407831
68 85 0.825012
68 84 0.519162
68 83 0.073451
68 82 0.889333
68 81 0.123687
68 80 0.414280
68 79 0.666776
68 78 0.626805
68 77 0.514438
68 76 0.377342
68 75 0.814345
68 74 0.421404
68 73 0.549820
68 72 0.549616
68 71 0.056408
68 70 0.812914
68 69 0.703499
69 99 0.149323
69 98 0.421814
69 97 0.418793
69 96 0.030971
69 95 0.358859
69 94 0.337407
69 93 0.112034
69 92 0.633615
69 91 0.237886
69 90 0.459510
69 89 0.436706
69 88 0.785114
69 87 0.704990
69 86 0.843826
69 85 0.457755
69 84 0.565040
69 83 0.721672
69 82 0.561620
69 81 0.672113
69 80 0.501420
69 79 0.054709
69 78 0.499798
69 77 0.344353
69 76 0.793565
69 75 0.168855
69 74 0.489651
69 73 0.526433
69 72 0.589671
69 71 0.698115
69 70 0.109872
70 99 0.199548
70 98 0.484380
70 97 0.520268
70 96 0.138231
70 95 0.464900
70 94 0.352885
70 93 0.100838
70 92 0.742714
70 91 0.220119
70 90 0.557673
70 89 0.536067
70 88 0.886845
70 87 0.785869
70 86 0.936548
70 85 0.464192
70 84 0.651804
70 83 0.829680
70 82 0.564298
70 81 0.778499
70 80 0.588698
70 79 0.155564
70 78 0.554298
70 77 0.423948
70 76 0.886779
70 75 0.126206
70 74 0.576387
70 73 0.594526
70 72 0.673366
70 71 0.807971
71 99 0.686557
71 98 0.625320
71 97 0.372201
71 96 0.670871
71 95 0.367735
71 94 0.775630
71 93 0.770721
71 92 0.116714
71 91 0.823295
71 90 0.367694
71 89 0.381938
71 88 0.303369
71 87 0.531484
71 86 0.464185
71 85 0.851170
71 84 0.471037
71 83 0.129794
71 82 0.919966
71 81 0.175695
71 80 0.450355
71 79 0.658187
71 78 0.661457
71 77 0.536278
71 76 0.433200
71 75 0.818146
71 74 0.456372
71 73 0.587660
71 72 0.500385
72 99 0.684768
72 98 0.226238
72 97 0.233664
72 96 0.560120
72 95 0.521185
72 94 0.861360
72 93 0.585147
72 92 0.383988
72 91 0.551211
72 90 0.635274
72 89 0.205492
72 88 0.779840
72 87 0.913275
72 86 0.924614
72 85 0.976483
72 84 0.035852
72 83 0.617404
72 82 1.074639
72 81 0.628540
72 80 0.738569
72 79 0.535055
72 78 0.890254
72 77 0.699708
72 76 0.882386
72 75 0.758098
72 74 0.735515
72 73 0.855847
73 99 0.394978
73 98 0.812385
73 97 0.622546
73 96 0.523573
73 95 0.334674
73 94 0.315156
73 93 0.638397
73 92 0.618206
73 91 0.761301
73 90 0.236262
73 89 0.650630
73 88 0.443951
73 87 0.211732
73 86 0.405749
73 85 0.320926
73 84 0.820363
73 83 0.509771
73 82 0.355369
73 81 0.438227
73 80 0.138083
73 79 0.535676
73 78 0.087667
73 77 0.188746
73 76 0.365483
73 75 0.510677
73 74 0.134172
74 99 0.384791
74 98 0.713960
74 97 0.504402
74 96 0.479126
74 95 0.219829
74 94 0.372351
74 93 0.599558
74 92 0.484035
74 91 0.711644
74 90 0.103912
74 89 0.532064
74 88 0.353406
74 87 0.218988
74 86 0.363410
74 85 0.415140
74 84 0.699744
74 83 0.387896
74 82 0.469856
74 81 0.316538
74 80 0.012820
74 79 0.485266
74 78 0.205457
74 77 0.155940
74 76 0.315089
74 75 0.517915
75 99 0.138616
75 98 0.587635
75 97 0.577933
75 96 0.197982
75 95 0.455197
75 94 0.236225
75 93 0.221786
75 92 0.769082
75 91 0.346167
75 90 0.521521
75 89 0.598047
75 88 0.852503
75 87 0.713686
75 86 0.881200
75 85 0.341286
75 84 0.732865
75 83 0.819934
75 82 0.439689
75 81 0.761519
75 80 0.530694
75 79 0.223181
75 78 0.458023
75 77 0.362036
75 76 0.832994
76 99 0.699076
76 98 0.932016
76 97 0.682322
76 96 0.778911
76 95 0.461457
76 94 0.672649
76 93 0.899636
76 92 0.525843
76 91 1.001036
76 90 0.337235
76 89 0.705064
76 88 0.142531
76 87 0.174467
76 86 0.050566
76 85 0.685911
76 84 0.848012
76 83 0.305963
76 82 0.708677
76 81 0.263307
76 80 0.302302
76 79 0.780777
76 78 0.451497
76 77 0.470971
77 99 0.229372
77 98 0.632127
77 97 0.467452
77 96 0.338373
77 95 0.195740
77 94 0.241687
77 93 0.456128
77 92 0.530943
77 91 0.575543
77 90 0.179540
77 89 0.495448
77 88 0.498573
77 87 0.362292
77 86 0.519344
77 85 0.317958
77 84 0.665300
77 83 0.498912
77 82 0.398512
77 81 0.431742
77 80 0.168696
77 79 0.348775
77 78 0.193789
78 99 0.357509
78 98 0.824863
78 97 0.656910
78 96 0.502028
78 95 0.373934
78 94 0.243240
78 93 0.609975
78 92 0.682390
78 91 0.737616
78 90 0.298710
78 89 0.685062
78 88 0.531383
78 87 0.291280
78 86 0.490273
78 85 0.234437
78 84 0.855408
78 83 0.590922
78 82 0.269036
78 81 0.519295
78 80 0.212685
78 79 0.517684
79 99 0.183582
79 98 0.371131
79 97 0.366300
79 96 0.025711
79 95 0.333002
79 94 0.375976
79 93 0.120678
79 92 0.588590
79 91 0.227208
79 90 0.443943
79 89 0.383444
79 88 0.762905
79 87 0.703377
79 86 0.831293
79 85 0.497348
79 84 0.510334
79 83 0.689252
79 82 0.601397
79 81 0.643242
79 80 0.496402
80 99 0.397438
80 98 0.720680
80 97 0.508200
80 96 0.490573
80 95 0.225363
80 94 0.384435
80 93 0.611111
80 92 0.480910
80 91 0.722553
80 90 0.104507
80 89 0.535728
80 88 0.341362
80 87 0.208787
80 86 0.350678
80 85 0.425519
80 84 0.702762
80 83 0.379142
80 82 0.478535
80 81 0.307640
81 99 0.623457
81 98 0.707364
81 97 0.448801
81 96 0.649564
81 95 0.313602
81 94 0.672178
81 93 0.763042
81 92 0.262606
81 91 0.840649
81 90 0.252208
81 89 0.467592
81 88 0.152345
81 87 0.357150
81 86 0.299963
81 85 0.729586
81 84 0.595342
81 83 0.071635
81 82 0.786175
82 99 0.418102
82 98 0.961374
82 97 0.849887
82 96 0.578170
82 95 0.593920
82 94 0.225475
82 93 0.651258
82 92 0.927171
82 91 0.781146
82 90 0.552334
82 89 0.876888
82 88 0.798813
82 87 0.538031
82 86 0.742222
82 85 0.104055
82 84 1.042210
82 83 0.857656
83 99 0.682797
83 98 0.718535
83 97 0.459361
83 96 0.697563
83 95 0.366678
83 94 0.740160
83 93 0.807585
83 92 0.236758
83 91 0.877393
83 90 0.319684
83 89 0.474712
83 88 0.173578
83 87 0.419767
83 86 0.334932
83 85 0.800118
83 84 0.586012
84 99 0.655696
84 98 0.222460
84 97 0.198555
84 96 0.535093
84 95 0.485734
84 94 0.830244
84 93 0.566020
84 92 0.354361
84 91 0.539455
84 90 0.599435
84 89 0.170382
84 88 0.746973
84 87 0.877576
84 86 0.890574
84 85 0.944609
85 99 0.314112
85 98 0.858287
85 97 0.754629
85 96 0.474120
85 95 0.509722
85 94 0.121493
85 93 0.548897
85 92 0.848712
85 91 0.679317
85 90 0.485243
85 89 0.781186
85 88 0.760369
85 87 0.523772
85 86 0.724501
86 99 0.747946
86 98 0.979603
86 97 0.728344
86 96 0.829330
86 95 0.511740
86 94 0.716294
86 93 0.950082
86 92 0.561982
86 91 1.051596
86 90 0.387799
86 89 0.750577
86 88 0.163148
86 87 0.204234
87 99 0.588753
87 98 0.920020
87 97 0.691603
87 96 0.696201
87 95 0.424184
87 94 0.526881
87 93 0.815959
87 92 0.599669
87 91 0.930164
87 90 0.291723
87 89 0.717751
87 88 0.293475
88 99 0.714303
88 98 0.857480
88 97 0.599843
88 96 0.765757
88 95 0.430280
88 94 0.725756
88 93 0.883582
88 92 0.406565
88 91 0.971353
88 90 0.331536
88 89 0.619297
89 99 0.504642
89 98 0.244495
89 97 0.028177
89 96 0.405745
89 95 0.315977
89 94 0.669770
89 93 0.465286
89 92 0.273720
89 91 0.477065
89 90 0.433639
90 99 0.383073
90 98 0.628310
90 97 0.406441
90 96 0.443116
90 95 0.133038
90 94 0.420477
90 93 0.563426
90 92 0.384020
90 91 0.663978
91 99 0.384784
91 98 0.331130
91 97 0.472423
91 96 0.237729
91 95 0.543383
91 94 0.563288
91 93 0.131338
91 92 0.733491
92 99 0.645373
92 98 0.513937
92 97 0.268075
92 96 0.604490
92 95 0.342124
92 94 0.760285
92 93 0.694236
93 99 0.254597
93 98 0.387478
93 97 0.453138
93 96 0.120910
93 95 0.453633
93 94 0.432148
94 99 0.192630
94 98 0.737414
94 97 0.643929
94 96 0.352934
94 95 0.418161
95 99 0.320337
95 98 0.496563
95 97 0.287919
95 96 0.337302
96 99 0.161221
96 98 0.396664
96 97 0.387833
97 99 0.481199
97 98 0.259418
98 99 0.546837
