50 1225
Sommets du graphe
0 0.000008 0.131538 sommet0
1 0.755605 0.458650 sommet1
2 0.532767 0.218959 sommet2
3 0.047045 0.678865 sommet3
4 0.679296 0.934693 sommet4
5 0.383502 0.519416 sommet5
6 0.830965 0.034572 sommet6
7 0.053462 0.529700 sommet7
8 0.671149 0.007698 sommet8
9 0.383416 0.066842 sommet9
10 0.417486 0.686773 sommet10
11 0.588977 0.930436 sommet11
12 0.846167 0.526929 sommet12
13 0.091965 0.653919 sommet13
14 0.415999 0.701191 sommet14
15 0.910321 0.762198 sommet15
16 0.262453 0.047465 sommet16
17 0.736082 0.328234 sommet17
18 0.632639 0.756410 sommet18
19 0.991037 0.365339 sommet19
20 0.247039 0.982550 sommet20
21 0.722660 0.753356 sommet21
22 0.651519 0.072686 sommet22
23 0.631635 0.884707 sommet23
24 0.272710 0.436411 sommet24
25 0.766495 0.477732 sommet25
26 0.237774 0.274907 sommet26
27 0.359265 0.166507 sommet27
28 0.486517 0.897656 sommet28
29 0.909208 0.060564 sommet29
30 0.904653 0.504523 sommet30
31 0.516292 0.319033 sommet31
32 0.986642 0.493977 sommet32
33 0.266145 0.090733 sommet33
34 0.947764 0.073749 sommet34
35 0.500707 0.384142 sommet35
36 0.277082 0.913817 sommet36
37 0.529747 0.464446 sommet37
38 0.940980 0.050084 sommet38
39 0.761514 0.770205 sommet39
40 0.827817 0.125365 sommet40
41 0.015868 0.688455 sommet41
42 0.868247 0.629543 sommet42
43 0.736225 0.725412 sommet43
44 0.999458 0.888572 sommet44
45 0.233195 0.306322 sommet45
46 0.351015 0.513274 sommet46
47 0.591114 0.845982 sommet47
48 0.412081 0.841511 sommet48
49 0.269317 0.415395 sommet49
Arêtes du graphe : noeud1 noeud2 valeur
0 49 0.391283
0 48 0.820893
0 47 0.927273
0 46 0.518583
0 45 0.291420
0 44 1.253795
0 43 0.945887
0 42 1.000924
0 41 0.557143
0 40 0.827832
0 39 0.993875
0 38 0.944491
0 37 0.625661
0 36 0.829898
0 35 0.560811
0 34 0.949517
0 33 0.269247
0 32 1.051099
0 31 0.549276
0 30 0.978520
0 29 0.911966
0 28 0.907540
0 27 0.360955
0 26 0.277647
0 25 0.841043
0 24 0.409041
0 23 0.982963
0 22 0.654163
0 21 0.953354
0 20 0.886141
0 19 1.018235
0 18 0.889206
0 17 0.761902
0 16 0.275583
0 15 1.107430
0 14 0.705375
0 13 0.530413
0 12 0.933980
0 11 0.992534
0 10 0.694675
0 9 0.388828
0 8 0.682471
0 7 0.401735
0 6 0.836596
0 5 0.545452
0 4 1.051899
0 3 0.549344
0 2 0.539884
0 1 0.823365
1 49 0.488208
1 48 0.514384
1 47 0.420813
1 46 0.408261
1 45 0.544166
1 44 0.494264
1 43 0.267465
1 42 0.204677
1 41 0.774611
1 40 0.341018
1 39 0.311610
1 38 0.448654
1 37 0.225932
1 36 0.660426
1 35 0.265565
1 34 0.430202
1 33 0.612319
1 32 0.233722
1 31 0.277063
1 30 0.155947
1 29 0.426692
1 28 0.514912
1 27 0.492375
1 26 0.549464
1 25 0.021970
1 24 0.483407
1 23 0.443727
1 22 0.399753
1 21 0.296541
1 20 0.730145
1 19 0.253249
1 18 0.322152
1 17 0.131869
1 16 0.642085
1 15 0.340703
1 14 0.417323
1 13 0.691772
1 12 0.113417
1 11 0.500347
1 10 0.407878
1 9 0.540406
1 8 0.458792
1 7 0.705729
1 6 0.430722
1 5 0.377032
1 4 0.482120
1 3 0.741992
1 2 0.327274
2 49 0.328623
2 48 0.634142
2 47 0.629731
2 46 0.345912
2 45 0.312051
2 44 0.816200
2 43 0.545792
2 42 0.530213
2 41 0.698292
2 40 0.309539
2 39 0.596822
2 38 0.441765
2 37 0.245505
2 36 0.740407
2 35 0.168265
2 34 0.439669
2 33 0.295854
2 32 0.530695
2 31 0.101421
2 30 0.468877
2 29 0.408407
2 28 0.680271
2 27 0.181257
2 26 0.300251
2 25 0.348700
2 24 0.338992
2 23 0.673049
2 22 0.188408
2 21 0.567132
2 20 0.815299
2 19 0.481081
2 18 0.546652
2 17 0.230820
2 16 0.320125
2 15 0.661555
2 14 0.496167
2 13 0.619271
2 12 0.439391
2 11 0.713694
2 10 0.481808
2 9 0.213179
2 8 0.252549
2 7 0.571221
2 6 0.350600
2 5 0.335492
2 4 0.730579
2 3 0.668909
3 49 0.344705
3 48 0.399631
3 47 0.569156
3 46 0.346148
3 45 0.416461
3 44 0.975227
3 43 0.690750
3 42 0.822682
3 41 0.032619
3 40 0.957062
3 39 0.720285
3 38 1.092925
3 37 0.528183
3 36 0.328816
3 35 0.540991
3 34 1.085109
3 33 0.627618
3 32 0.957615
3 31 0.591331
3 30 0.875150
3 29 1.060953
3 28 0.490924
3 27 0.599993
3 26 0.446721
3 25 0.747036
3 24 0.331223
3 23 0.619771
3 22 0.856062
3 21 0.679710
3 20 0.363624
3 19 0.994696
3 18 0.590706
3 17 0.773120
3 16 0.667133
3 15 0.867289
3 14 0.369630
3 13 0.051382
3 12 0.813438
3 11 0.597477
3 10 0.370526
3 9 0.698367
3 8 0.916499
3 7 0.149302
3 6 1.014714
3 5 0.372327
3 4 0.682049
4 49 0.661629
4 48 0.282997
4 47 0.125084
4 46 0.534193
4 45 0.770621
4 44 0.323466
4 43 0.216885
4 42 0.358913
4 41 0.707651
4 40 0.822842
4 39 0.183892
4 38 0.922503
4 37 0.493454
4 36 0.402756
4 35 0.578792
4 34 0.901831
4 33 0.939661
4 32 0.537301
4 31 0.636873
4 30 0.485625
4 29 0.903858
4 28 0.196305
4 27 0.832183
4 26 0.793889
4 25 0.465206
4 24 0.643115
4 23 0.069067
4 22 0.862454
4 21 0.186450
4 20 0.434899
4 19 0.649112
4 18 0.184287
4 17 0.609111
4 16 0.980272
4 15 0.288317
4 14 0.351921
4 13 0.650993
4 12 0.440587
4 11 0.090420
4 10 0.360568
4 9 0.916902
4 8 0.927031
4 7 0.745445
4 6 0.912809
4 5 0.509852
5 49 0.154463
5 48 0.323360
5 47 0.386972
5 46 0.033062
5 45 0.260771
5 44 0.718107
5 43 0.408469
5 42 0.497097
5 41 0.404635
5 40 0.593879
5 39 0.453639
5 38 0.728735
5 37 0.156235
5 36 0.408506
5 35 0.178986
5 34 0.719035
5 33 0.444457
5 32 0.603676
5 31 0.240389
5 30 0.521364
5 29 0.697791
5 28 0.392017
5 27 0.353740
5 26 0.284643
5 25 0.385254
5 24 0.138437
5 23 0.441596
5 22 0.520962
5 21 0.412015
5 20 0.482820
5 19 0.626769
5 18 0.343853
5 17 0.401077
5 16 0.487228
5 15 0.580070
5 14 0.184656
5 13 0.321068
5 12 0.462726
5 11 0.459519
5 10 0.170772
5 9 0.452574
5 8 0.587023
5 7 0.330201
5 6 0.659771
6 49 0.678583
6 48 0.909183
6 47 0.846117
6 46 0.677870
6 45 0.656641
6 44 0.870463
6 43 0.697306
6 42 0.596138
6 41 1.044963
6 40 0.090848
6 39 0.738904
6 38 0.111103
6 37 0.524903
6 36 1.039163
6 35 0.480905
6 34 0.123194
6 33 0.567606
6 32 0.485065
6 31 0.424190
6 30 0.475693
6 29 0.082447
6 28 0.929279
6 27 0.489804
6 26 0.640028
6 25 0.447825
6 24 0.687840
6 23 0.873191
6 22 0.183450
6 21 0.726898
6 20 1.113388
6 19 0.367464
6 18 0.748588
6 17 0.308610
6 16 0.568659
6 15 0.731940
6 14 0.785224
6 13 0.964216
6 12 0.492591
6 11 0.927972
6 10 0.772225
6 9 0.448712
6 8 0.162060
6 7 0.921772
7 49 0.244253
7 48 0.475219
7 47 0.623782
7 46 0.298007
7 45 0.286709
7 44 1.011780
7 43 0.710259
7 42 0.820880
7 41 0.163146
7 40 0.873564
7 39 0.747784
7 38 1.008821
7 37 0.480735
7 36 0.444468
7 35 0.470336
7 34 1.003827
7 33 0.487777
7 32 0.933864
7 31 0.508520
7 30 0.851564
7 29 0.975905
7 28 0.568268
7 27 0.474789
7 26 0.314469
7 25 0.714924
7 24 0.238270
7 23 0.678464
7 22 0.752685
7 21 0.705584
7 20 0.492489
7 19 0.951873
7 18 0.621967
7 17 0.711730
7 16 0.525575
7 15 0.887842
7 14 0.401052
7 13 0.130049
7 12 0.792710
7 11 0.668854
7 10 0.396466
7 9 0.568425
7 8 0.808718
8 49 0.572438
8 48 0.873132
8 47 0.842095
8 46 0.598408
8 45 0.530076
8 44 0.940067
8 43 0.720658
8 42 0.652334
8 41 0.944894
8 40 0.195935
8 39 0.767842
8 38 0.273139
8 37 0.478135
8 36 0.988100
8 35 0.413232
8 34 0.284391
8 33 0.413429
8 32 0.579657
8 31 0.347721
8 30 0.548962
8 29 0.243858
8 28 0.908908
8 27 0.349989
8 26 0.509131
8 25 0.479606
8 24 0.585277
8 23 0.877899
8 22 0.067888
8 21 0.747435
8 20 1.063112
8 19 0.479828
8 18 0.749702
8 17 0.327047
8 16 0.410626
8 15 0.791500
8 14 0.738941
8 13 0.867788
8 12 0.547934
8 11 0.926390
8 10 0.724905
8 9 0.293749
9 49 0.366752
9 48 0.775199
9 47 0.806348
9 46 0.447606
9 45 0.282696
9 44 1.027009
9 43 0.747120
9 42 0.742761
9 41 0.722146
9 40 0.448239
9 39 0.798547
9 38 0.557816
9 37 0.423676
9 36 0.853624
9 35 0.338285
9 34 0.564391
9 33 0.119680
9 32 0.739139
9 31 0.285055
9 30 0.680627
9 29 0.525830
9 28 0.837187
9 27 0.102549
9 26 0.253973
9 25 0.561765
9 24 0.385794
9 23 0.854702
9 22 0.268167
9 21 0.765760
9 20 0.925808
9 19 0.676982
9 18 0.733223
9 17 0.438975
9 16 0.122505
9 15 0.872438
9 14 0.635185
9 13 0.655441
9 12 0.652548
9 11 0.887722
9 10 0.620866
10 49 0.309193
10 48 0.154832
10 47 0.235572
10 46 0.185796
10 45 0.422736
10 44 0.615966
10 43 0.321072
10 42 0.454380
10 41 0.401622
10 40 0.695378
10 39 0.354000
10 38 0.824268
10 37 0.249062
10 36 0.266951
10 35 0.313865
10 34 0.810551
10 33 0.614953
10 32 0.600923
10 31 0.380782
10 30 0.520141
10 29 0.796196
10 28 0.221895
10 27 0.523513
10 26 0.449366
10 25 0.406823
10 24 0.289207
10 23 0.291612
10 22 0.657171
10 21 0.312354
10 20 0.341375
10 19 0.657481
10 18 0.226142
10 17 0.479639
10 16 0.657838
10 15 0.498573
10 14 0.014494
10 13 0.327175
10 12 0.457512
10 11 0.297962
11 49 0.606177
11 48 0.197990
11 47 0.084482
11 46 0.480261
11 45 0.718401
11 44 0.412611
11 43 0.252422
11 42 0.410522
11 41 0.622100
11 40 0.839753
11 39 0.235464
11 38 0.948118
11 37 0.469740
11 36 0.312337
11 35 0.553380
11 34 0.928785
11 33 0.899624
11 32 0.590453
11 31 0.615709
11 30 0.530145
11 29 0.926944
11 28 0.107575
11 27 0.797719
11 26 0.743681
11 25 0.486266
11 24 0.586588
11 23 0.062537
11 22 0.860028
11 21 0.221876
11 20 0.345886
11 19 0.693533
11 18 0.179420
11 17 0.619909
11 16 0.941412
11 15 0.362721
11 14 0.287184
11 13 0.568755
11 12 0.478503
12 49 0.587533
12 48 0.536090
12 47 0.408469
12 46 0.495340
12 45 0.651462
12 44 0.392790
12 43 0.226898
12 42 0.104963
12 41 0.845865
12 40 0.401982
12 39 0.257583
12 38 0.486179
12 37 0.322530
12 36 0.688143
12 35 0.373805
12 34 0.464429
12 33 0.725736
12 32 0.144288
12 31 0.389921
12 30 0.062631
12 29 0.470606
12 28 0.516514
12 27 0.605786
12 26 0.658526
12 25 0.093638
12 24 0.580557
12 23 0.417168
12 22 0.494191
12 21 0.257921
12 20 0.752692
12 19 0.217023
12 18 0.313458
12 17 0.227152
12 16 0.755386
12 15 0.243859
12 14 0.464124
12 13 0.764818
13 49 0.297233
13 48 0.371032
13 47 0.534825
13 46 0.294768
13 45 0.375193
13 44 0.937340
13 43 0.648214
13 42 0.776665
13 41 0.083568
13 40 0.906006
13 39 0.679572
13 38 1.041846
13 37 0.477026
13 36 0.319085
13 35 0.489745
13 34 1.033920
13 33 0.589506
13 32 0.908861
13 31 0.540557
13 30 0.826306
13 29 1.009929
13 28 0.463767
13 27 0.555895
13 26 0.406092
13 25 0.697160
13 24 0.282804
13 23 0.586947
13 22 0.806804
13 21 0.638486
13 20 0.363382
13 19 0.944251
13 18 0.550302
13 17 0.721774
13 16 0.629963
13 15 0.825488
13 14 0.327464
14 49 0.321240
14 48 0.140375
14 47 0.227221
14 46 0.198836
14 45 0.435131
14 44 0.612810
14 43 0.321140
14 42 0.457888
14 41 0.400334
14 40 0.707933
14 39 0.352340
14 38 0.836388
14 37 0.262653
14 36 0.253985
14 35 0.328169
14 34 0.822470
14 33 0.628582
14 32 0.607100
14 31 0.395099
14 30 0.526745
14 29 0.808490
14 28 0.208738
14 27 0.537685
14 26 0.462041
14 25 0.415669
14 24 0.301065
14 23 0.283155
14 22 0.671184
14 21 0.311066
14 20 0.328193
14 19 0.665932
14 18 0.223566
14 17 0.491477
14 16 0.671516
14 15 0.498072
15 49 0.728806
15 48 0.504513
15 47 0.330020
15 46 0.612198
15 45 0.816286
15 44 0.154647
15 43 0.177940
15 42 0.139167
15 41 0.897488
15 40 0.642155
15 39 0.149022
15 38 0.712774
15 37 0.483211
15 36 0.651138
15 35 0.557413
15 34 0.689466
15 33 0.930499
15 32 0.278868
15 31 0.593004
15 30 0.257737
15 29 0.701635
15 28 0.444925
15 27 0.811486
15 26 0.830525
15 25 0.318759
15 24 0.716020
15 23 0.304425
15 22 0.736482
15 21 0.187869
15 20 0.698926
15 19 0.404985
15 18 0.277743
15 17 0.467636
15 16 0.964664
16 49 0.367994
16 48 0.808021
16 47 0.863509
16 46 0.474153
16 45 0.260506
16 44 1.118319
16 43 0.827087
16 42 0.840120
16 41 0.686785
16 40 0.570706
16 39 0.878303
16 38 0.678532
16 37 0.495298
16 36 0.866476
16 35 0.412452
16 34 0.685815
16 33 0.043426
16 32 0.850778
16 31 0.371731
16 30 0.788241
16 29 0.646888
16 28 0.879222
16 27 0.153440
16 26 0.228777
16 25 0.662713
16 24 0.389082
16 23 0.915025
16 22 0.389882
16 21 0.842659
16 20 0.935213
16 19 0.794908
16 18 0.799776
16 17 0.550596
17 49 0.474833
17 48 0.606984
17 47 0.537660
17 46 0.427219
17 45 0.503364
17 44 0.619149
17 43 0.397178
17 42 0.329021
17 41 0.805275
17 40 0.222646
17 39 0.442701
17 38 0.345472
17 37 0.247240
17 36 0.744035
17 35 0.241924
17 34 0.331017
17 33 0.526543
17 32 0.300418
17 31 0.219982
17 30 0.243914
17 29 0.318779
17 28 0.621710
17 27 0.410057
17 26 0.501153
17 25 0.152560
17 24 0.475832
17 23 0.566190
17 22 0.269176
17 21 0.425333
17 20 0.816880
17 19 0.257641
17 18 0.440495
18 49 0.498291
18 48 0.236406
18 47 0.098728
18 46 0.372058
18 45 0.601777
18 44 0.389901
18 43 0.108125
18 42 0.267594
18 41 0.620503
18 40 0.660540
18 39 0.129612
18 38 0.770695
18 37 0.309564
18 36 0.388841
18 35 0.394955
18 34 0.751885
18 33 0.759898
18 32 0.440670
18 31 0.452588
18 30 0.370728
18 29 0.748794
18 28 0.203228
18 27 0.650168
18 26 0.622707
18 25 0.309159
18 24 0.481610
18 23 0.128301
18 22 0.683985
18 21 0.090074
18 20 0.447019
18 19 0.530459
19 49 0.723454
19 48 0.749620
19 47 0.625265
19 46 0.656897
19 45 0.760137
19 44 0.523301
19 43 0.441115
19 42 0.291344
19 41 1.027307
19 40 0.290221
19 39 0.465400
19 38 0.319204
19 37 0.471816
19 36 0.900312
19 35 0.490691
19 34 0.294783
19 33 0.775163
19 32 0.128713
19 31 0.476998
19 30 0.163812
19 29 0.315568
19 28 0.733418
19 27 0.662322
19 26 0.758672
19 25 0.251101
19 24 0.721835
19 23 0.631596
19 22 0.448240
19 21 0.471788
19 20 0.966687
20 49 0.567593
20 48 0.217097
20 47 0.370187
20 46 0.480657
20 45 0.676370
20 44 0.758265
20 43 0.552651
20 42 0.714502
20 41 0.374075
20 40 1.035408
20 39 0.556575
20 38 1.162346
20 37 0.590217
20 36 0.075012
20 35 0.649954
20 34 1.147578
20 33 0.892022
20 32 0.886407
20 31 0.716067
20 30 0.812999
20 29 1.135133
20 28 0.254081
20 27 0.823724
20 26 0.707704
20 25 0.724345
20 24 0.546742
20 23 0.396847
20 22 0.995719
20 21 0.527964
21 49 0.565454
21 48 0.322848
21 47 0.160885
21 46 0.442447
21 45 0.662885
21 44 0.308059
21 43 0.031062
21 42 0.191115
21 41 0.709766
21 40 0.636734
21 39 0.042350
21 38 0.736379
21 37 0.347397
21 36 0.473591
21 35 0.430792
21 34 0.715917
21 33 0.804659
21 32 0.370086
21 31 0.480858
21 30 0.308284
21 29 0.717468
21 28 0.276742
21 27 0.690252
21 26 0.681196
21 25 0.279088
21 24 0.550372
21 23 0.159809
21 22 0.684378
22 49 0.513349
22 48 0.805247
22 47 0.775651
22 46 0.533310
22 45 0.479146
22 44 0.886979
22 43 0.658199
22 42 0.597546
22 41 0.884999
22 40 0.184001
22 39 0.706138
22 38 0.290342
22 37 0.410249
22 36 0.920709
22 35 0.346048
22 34 0.296248
22 33 0.385796
22 32 0.538325
22 31 0.281022
22 30 0.500560
22 29 0.257974
22 28 0.841309
22 27 0.306944
22 26 0.460519
22 25 0.421048
22 24 0.525159
22 23 0.812265
23 49 0.592898
23 48 0.223763
23 47 0.056050
23 46 0.465521
23 45 0.702342
23 44 0.367843
23 43 0.190562
23 42 0.347986
23 41 0.646285
23 40 0.784275
23 39 0.173146
23 38 0.890107
23 37 0.432436
23 36 0.355746
23 35 0.517404
23 34 0.870397
23 33 0.874058
23 32 0.527921
23 31 0.577314
23 30 0.468059
23 29 0.869631
23 28 0.145694
23 27 0.768112
23 26 0.725935
23 25 0.428738
23 24 0.574279
24 49 0.021289
24 48 0.428404
24 47 0.518776
24 46 0.109725
24 45 0.135959
24 44 0.855928
24 43 0.546230
24 42 0.626071
24 41 0.359853
24 40 0.636313
24 39 0.591902
24 38 0.771903
24 37 0.258562
24 36 0.477426
24 35 0.233912
24 34 0.766304
24 33 0.345741
24 32 0.716249
24 31 0.270388
24 30 0.635603
24 29 0.739183
24 28 0.508390
24 27 0.283443
24 26 0.165240
24 25 0.495511
25 49 0.501070
25 48 0.507882
25 47 0.407880
25 46 0.416997
25 45 0.560170
25 44 0.472294
25 43 0.249523
25 42 0.182758
25 41 0.779644
25 40 0.357663
25 39 0.292515
25 38 0.461874
25 37 0.237120
25 36 0.655512
25 35 0.281784
25 34 0.442787
25 33 0.632549
25 32 0.220746
25 31 0.296288
25 30 0.140732
25 29 0.440903
25 28 0.504702
25 27 0.512540
25 26 0.566289
26 49 0.143985
26 48 0.592809
26 47 0.671547
26 46 0.263898
26 45 0.031747
26 44 0.978134
26 43 0.671869
26 42 0.723369
26 41 0.469324
26 40 0.608698
26 39 0.720849
26 38 0.738270
26 37 0.348099
26 36 0.640119
26 35 0.284721
26 34 0.737936
26 33 0.186346
26 32 0.780253
26 31 0.281991
26 30 0.705302
26 29 0.704816
26 28 0.670589
26 27 0.162820
27 49 0.264642
27 48 0.677067
27 47 0.717941
27 46 0.346865
27 45 0.188260
27 44 0.965000
27 43 0.674146
27 42 0.688088
27 41 0.624781
27 40 0.470355
27 39 0.725434
27 38 0.593251
27 37 0.343266
27 36 0.751816
27 35 0.259559
27 34 0.595765
27 33 0.120055
27 32 0.707699
27 31 0.218910
27 30 0.641641
27 29 0.560055
27 28 0.742140
28 49 0.528916
28 48 0.093237
28 47 0.116665
28 46 0.407567
28 45 0.643311
28 44 0.513021
28 43 0.303351
28 42 0.466478
28 41 0.515050
28 40 0.844345
28 39 0.303096
28 38 0.961725
28 37 0.435362
28 36 0.210058
28 35 0.513710
28 34 0.944231
28 33 0.836474
28 32 0.642715
28 31 0.579389
28 30 0.573926
28 29 0.937758
29 49 0.731686
29 48 0.925750
29 47 0.847387
29 46 0.718697
29 45 0.719299
29 44 0.832912
29 43 0.686983
29 42 0.570452
29 41 1.091927
29 40 0.104037
29 39 0.724847
29 38 0.033456
29 37 0.554176
29 36 1.061897
29 35 0.521129
29 34 0.040748
29 33 0.643771
29 32 0.440275
29 31 0.470307
29 30 0.443982
30 49 0.641557
30 48 0.596815
30 47 0.463574
30 46 0.553707
30 45 0.700100
30 44 0.395578
30 43 0.277777
30 42 0.130213
30 41 0.907618
30 40 0.386865
30 39 0.301787
30 38 0.455889
30 37 0.377042
30 36 0.749245
30 35 0.421502
30 34 0.432926
30 33 0.760865
30 32 0.082665
30 31 0.430385
31 49 0.265108
31 48 0.532769
31 47 0.532234
31 46 0.255041
31 45 0.283382
31 44 0.746876
31 43 0.462076
31 42 0.469350
31 41 0.622011
31 40 0.366818
31 39 0.513507
31 38 0.502686
31 37 0.146034
31 36 0.641085
31 35 0.066948
31 34 0.496319
31 33 0.338666
31 32 0.501831
32 49 0.721616
32 48 0.671491
32 47 0.529481
32 46 0.635920
32 45 0.776464
32 44 0.394804
32 43 0.340986
32 42 0.179988
32 41 0.990063
32 40 0.401372
32 39 0.356349
32 38 0.446235
32 37 0.457848
32 36 0.824465
32 35 0.498193
32 34 0.422022
32 33 0.825665
33 49 0.324677
33 48 0.764830
33 47 0.822196
33 46 0.430980
33 45 0.218092
33 44 1.083649
33 43 0.789806
33 42 0.807988
33 41 0.648005
33 40 0.562739
33 39 0.840876
33 38 0.676059
33 37 0.457327
33 36 0.823157
33 35 0.375644
33 34 0.681831
34 49 0.759613
34 48 0.936170
34 47 0.850613
34 46 0.741142
34 45 0.751465
34 44 0.816461
34 43 0.685138
34 42 0.561454
34 41 1.116376
34 40 0.130581
34 39 0.720929
34 38 0.024618
34 37 0.572173
34 36 1.074956
34 35 0.544246
35 49 0.233491
35 48 0.465876
35 47 0.470605
35 46 0.197693
35 45 0.278601
35 44 0.709367
35 43 0.414649
35 42 0.441936
35 41 0.572430
35 40 0.417093
35 39 0.465902
35 38 0.552662
35 37 0.085393
35 36 0.574947
36 49 0.498483
36 48 0.153144
36 47 0.321275
36 46 0.407310
36 45 0.609079
36 44 0.722817
36 43 0.496295
36 42 0.655964
36 41 0.344994
36 40 0.961752
36 39 0.505272
36 38 1.089402
36 37 0.515533
37 49 0.265009
37 48 0.394998
37 47 0.386439
37 46 0.185282
37 45 0.336075
37 44 0.632859
37 43 0.332770
37 42 0.376616
37 41 0.560582
37 40 0.451466
37 39 0.383672
37 38 0.583788
38 49 0.764580
38 48 0.951888
38 47 0.869402
38 46 0.750069
38 45 0.752740
38 44 0.840525
38 43 0.705686
38 42 0.584006
38 41 1.123989
38 40 0.135916
38 39 0.742147
39 49 0.606752
39 48 0.356635
39 47 0.186490
39 46 0.484276
39 45 0.703071
39 44 0.265759
39 43 0.051439
39 42 0.176571
39 41 0.750114
39 40 0.648239
40 49 0.629316
40 48 0.828071
40 47 0.758496
40 46 0.614665
40 45 0.621547
40 44 0.782269
40 43 0.606997
40 42 0.505796
40 41 0.988095
41 49 0.372557
41 48 0.424748
41 47 0.596425
41 46 0.378170
41 45 0.439610
41 44 1.003741
41 43 0.721304
41 42 0.854413
42 49 0.636063
42 48 0.503009
42 47 0.351637
42 46 0.530139
42 45 0.712575
42 44 0.290366
42 43 0.163159
43 49 0.560458
43 48 0.344308
43 47 0.188664
43 46 0.439760
43 45 0.654733
43 44 0.309698
44 49 0.870059
44 48 0.589259
44 47 0.410559
44 46 0.749217
44 45 0.962380
45 49 0.114899
45 48 0.564294
45 47 0.647563
45 46 0.238140
46 49 0.127495
46 48 0.333869
46 47 0.410295
47 49 0.537548
47 48 0.179089
48 49 0.449395
