10 45
Sommets du graphe
0 0.000008 0.131538 sommet0
1 0.755605 0.458650 sommet1
2 0.532767 0.218959 sommet2
3 0.047045 0.678865 sommet3
4 0.679296 0.934693 sommet4
5 0.383502 0.519416 sommet5
6 0.830965 0.034572 sommet6
7 0.053462 0.529700 sommet7
8 0.671149 0.007698 sommet8
9 0.383416 0.066842 sommet9
Arêtes du graphe : noeud1 noeud2 valeur
0 9 0.388828
0 8 0.682471
0 7 0.401735
0 6 0.836596
0 5 0.545452
0 4 1.051899
0 3 0.549344
0 2 0.539884
0 1 0.823365
1 9 0.540406
1 8 0.458792
1 7 0.705729
1 6 0.430722
1 5 0.377032
1 4 0.482120
1 3 0.741992
1 2 0.327274
2 9 0.213179
2 8 0.252549
2 7 0.571221
2 6 0.350600
2 5 0.335492
2 4 0.730579
2 3 0.668909
3 9 0.698367
3 8 0.916499
3 7 0.149302
3 6 1.014714
3 5 0.372327
3 4 0.682049
4 9 0.916902
4 8 0.927031
4 7 0.745445
4 6 0.912809
4 5 0.509852
5 9 0.452574
5 8 0.587023
5 7 0.330201
5 6 0.659771
6 9 0.448712
6 8 0.162060
6 7 0.921772
7 9 0.568425
7 8 0.808718
8 9 0.293749
