100 4950
Sommets du graphe
0 0.345783 0.470437 sommet1
1 0.718750 0.037018 sommet2
2 0.886941 0.846787 sommet3
3 0.111280 0.159383 sommet4
4 0.982978 0.330077 sommet5
5 0.245173 0.483805 sommet6
6 0.686484 0.749614 sommet7
7 0.321900 0.257584 sommet8
8 0.685213 0.723907 sommet9
9 0.182673 0.668895 sommet10
10 0.313008 0.929563 sommet11
11 0.688262 0.860668 sommet12
12 0.964431 0.074550 sommet13
13 0.930894 0.775835 sommet14
14 0.311992 0.987661 sommet15
15 0.026423 0.430848 sommet16
16 0.308689 0.988175 sommet17
17 0.059197 0.625193 sommet18
18 0.150407 0.333676 sommet19
19 0.649644 0.849357 sommet20
20 0.230945 0.861697 sommet21
21 0.008638 0.428278 sommet22
22 0.454268 0.867352 sommet23
23 0.064787 0.717738 sommet24
24 0.649136 0.474036 sommet25
25 0.040396 0.000000 sommet26
26 0.675559 0.925964 sommet27
27 0.451220 0.482262 sommet28
28 0.854929 0.757841 sommet29
29 0.889482 0.542416 sommet30
30 0.314278 0.019023 sommet31
31 0.356961 0.876093 sommet32
32 0.989329 0.086375 sommet33
33 0.778963 0.773265 sommet34
34 0.648882 1.000000 sommet35
35 0.112805 0.846272 sommet36
36 0.979675 0.295116 sommet37
37 0.070884 0.765553 sommet38
38 0.879065 0.409769 sommet39
39 0.641006 0.108997 sommet40
40 1.000000 0.883805 sommet41
41 0.331301 0.131620 sommet42
42 0.870935 0.928535 sommet43
43 0.741108 0.160925 sommet44
44 0.407012 0.928535 sommet45
45 0.852134 0.833933 sommet46
46 0.349085 0.691003 sommet47
47 0.979421 0.665296 sommet48
48 0.233486 0.478663 sommet49
49 0.762957 0.231362 sommet50
50 0.625762 0.595887 sommet51
51 0.974339 0.462211 sommet52
52 0.090701 0.411825 sommet53
53 0.635163 0.057069 sommet54
54 0.743394 0.821594 sommet55
55 0.237297 0.125450 sommet56
56 0.662856 0.748072 sommet57
57 0.527947 0.492031 sommet58
58 0.221291 0.936761 sommet59
59 0.538618 0.916195 sommet60
60 0.610264 0.505398 sommet61
61 0.576982 0.918252 sommet62
62 0.278455 0.528535 sommet63
63 0.652693 0.142931 sommet64
64 0.078252 0.123907 sommet65
65 0.056402 0.162982 sommet66
66 0.482215 0.340874 sommet67
67 0.755081 0.394859 sommet68
68 0.648882 0.295630 sommet69
69 0.000000 0.334190 sommet70
70 0.988821 0.847815 sommet71
71 0.216717 0.789203 sommet72
72 0.722561 0.274550 sommet73
73 0.231199 0.895630 sommet74
74 0.208333 0.306427 sommet75
75 0.984248 0.040103 sommet76
76 0.548526 0.820051 sommet77
77 0.966209 0.449871 sommet78
78 0.091209 0.526478 sommet79
79 0.294461 0.039075 sommet80
80 0.655488 0.450900 sommet81
81 0.863059 0.061183 sommet82
82 0.747459 0.812853 sommet83
83 0.150407 0.699229 sommet84
84 0.786077 0.442674 sommet85
85 0.654980 0.928535 sommet86
86 0.652185 0.648843 sommet87
87 0.036077 0.453470 sommet88
88 0.358232 0.056555 sommet89
89 0.183689 0.514653 sommet90
90 0.408028 0.836504 sommet91
91 0.296748 0.350643 sommet92
92 0.449187 0.506427 sommet93
93 0.000762 0.495116 sommet94
94 0.919970 0.009769 sommet95
95 0.949441 0.441131 sommet96
96 0.192327 0.189203 sommet97
97 0.433181 0.831877 sommet98
98 0.045478 0.918252 sommet99
99 0.998730 0.788689 sommet100
Arêtes du graphe : noeud1 noeud2 valeur
0 99 2643.000000
0 98 1468.000000
0 97 782.000000
0 96 814.000000
0 95 2376.000000
0 94 2431.000000
0 93 1358.000000
0 92 412.000000
0 91 302.000000
0 90 752.000000
0 89 643.000000
0 88 806.000000
0 87 1219.000000
0 86 1254.000000
0 85 1508.000000
0 84 1733.000000
0 83 888.000000
0 82 1715.000000
0 81 2186.000000
0 80 1219.000000
0 79 862.000000
0 78 1007.000000
0 77 2442.000000
0 76 1048.000000
0 75 2648.000000
0 74 628.000000
0 73 941.000000
0 72 1531.000000
0 71 801.000000
0 70 2635.000000
0 69 1386.000000
0 68 1240.000000
0 67 1617.000000
0 66 593.000000
0 65 1286.000000
0 64 1250.000000
0 63 1365.000000
0 62 288.000000
0 61 1259.000000
0 60 1043.000000
0 59 1152.000000
0 58 1030.000000
0 57 718.000000
0 56 1359.000000
0 55 795.000000
0 54 1707.000000
0 53 1394.000000
0 52 1010.000000
0 51 2474.000000
0 50 1128.000000
0 49 1706.000000
0 48 442.000000
0 47 2522.000000
0 46 429.000000
0 45 2114.000000
0 44 923.000000
0 43 1668.000000
0 42 2250.000000
0 41 661.000000
0 40 2697.000000
0 39 1358.000000
0 38 2102.000000
0 37 1224.000000
0 36 2518.000000
0 35 1172.000000
0 34 1576.000000
0 33 1803.000000
0 32 2640.000000
0 31 790.000000
0 30 886.000000
0 29 2144.000000
0 28 2080.000000
0 27 415.000000
0 26 1571.000000
0 25 1510.000000
0 24 1194.000000
0 23 1206.000000
0 22 882.000000
0 21 1329.000000
0 20 885.000000
0 19 1404.000000
0 18 813.000000
0 17 1167.000000
0 16 1017.000000
0 15 1259.000000
0 14 1014.000000
0 13 2378.000000
0 12 2553.000000
0 11 1546.000000
0 10 902.000000
0 9 749.000000
0 8 1424.000000
0 7 424.000000
0 6 1446.000000
0 5 396.000000
0 4 2522.000000
0 3 1103.000000
0 2 2252.000000
0 1 1692.000000
1 99 1830.000000
1 98 3155.000000
1 97 1911.000000
1 96 2093.000000
1 95 1200.000000
1 94 793.000000
1 93 2963.000000
1 92 1399.000000
1 91 1769.000000
1 90 1978.000000
1 89 2301.000000
1 88 1419.000000
1 87 2806.000000
1 86 1218.000000
1 85 1752.000000
1 84 832.000000
1 83 2581.000000
1 82 1513.000000
1 81 569.000000
1 80 842.000000
1 79 1670.000000
1 78 2647.000000
1 77 1262.000000
1 76 1663.000000
1 75 1045.000000
1 74 2076.000000
1 73 2543.000000
1 72 462.000000
1 71 2458.000000
1 70 1901.000000
1 69 2887.000000
1 68 573.000000
1 67 710.000000
1 66 1102.000000
1 65 2618.000000
1 64 2526.000000
1 63 331.000000
1 62 1979.000000
1 61 1802.000000
1 60 1006.000000
1 59 1851.000000
1 58 2626.000000
1 57 1160.000000
1 56 1400.000000
1 55 1902.000000
1 54 1529.000000
1 53 331.000000
1 52 2577.000000
1 51 1302.000000
1 50 1146.000000
1 49 416.000000
1 48 2094.000000
1 47 1595.000000
1 46 1932.000000
1 45 1636.000000
1 44 2124.000000
1 43 256.000000
1 42 1834.000000
1 41 1536.000000
1 40 1984.000000
1 39 336.000000
1 38 961.000000
1 37 2917.000000
1 36 1143.000000
1 35 2857.000000
1 34 1893.000000
1 33 1451.000000
1 32 1069.000000
1 31 2165.000000
1 30 1592.000000
1 29 1190.000000
1 28 1500.000000
1 27 1363.000000
1 26 1737.000000
1 25 2670.000000
1 24 893.000000
1 23 2894.000000
1 22 1921.000000
1 21 2896.000000
1 20 2501.000000
1 19 1603.000000
1 18 2310.000000
1 17 2836.000000
1 16 2455.000000
1 15 2830.000000
1 14 2445.000000
1 13 1661.000000
1 12 969.000000
1 11 1606.000000
1 10 2358.000000
1 9 2441.000000
1 8 1342.000000
1 7 1619.000000
1 6 1391.000000
1 5 2056.000000
1 4 1185.000000
1 3 2402.000000
1 2 1708.000000
2 99 454.000000
2 98 3314.000000
2 97 1786.000000
2 96 3018.000000
2 95 826.000000
2 94 1633.000000
2 93 3554.000000
2 92 1845.000000
2 91 2515.000000
2 90 1885.000000
2 89 2842.000000
2 88 2587.000000
2 87 3435.000000
2 86 1001.000000
2 85 926.000000
2 84 880.000000
2 83 2913.000000
2 82 552.000000
2 81 1530.000000
2 80 1192.000000
2 79 2811.000000
2 78 3193.000000
2 77 832.000000
2 76 1333.000000
2 75 1615.000000
2 74 2870.000000
2 73 2582.000000
2 72 1287.000000
2 71 2640.000000
2 70 401.000000
2 69 3630.000000
2 68 1423.000000
2 67 1020.000000
2 66 1872.000000
2 65 3529.000000
2 64 3479.000000
2 63 1650.000000
2 62 2473.000000
2 61 1227.000000
2 60 1275.000000
2 59 1377.000000
2 58 2625.000000
2 57 1572.000000
2 56 902.000000
2 55 2916.000000
2 54 567.000000
2 53 1827.000000
2 52 3246.000000
2 51 823.000000
2 50 1137.000000
2 49 1292.000000
2 48 2669.000000
2 47 507.000000
2 46 2138.000000
2 45 139.000000
2 44 1895.000000
2 43 1452.000000
2 42 171.000000
2 41 2591.000000
2 40 450.000000
2 39 1730.000000
2 38 850.000000
2 37 3215.000000
2 36 1133.000000
2 35 3047.000000
2 34 983.000000
2 33 448.000000
2 32 1532.000000
2 31 2086.000000
2 30 2769.000000
2 29 592.000000
2 28 214.000000
2 27 1855.000000
2 26 846.000000
2 25 3716.000000
2 24 1183.000000
2 23 3245.000000
2 22 1703.000000
2 21 3551.000000
2 20 2582.000000
2 19 934.000000
2 18 3065.000000
2 17 3286.000000
2 16 2292.000000
2 15 3482.000000
2 14 2279.000000
2 13 221.000000
2 12 1532.000000
2 11 782.000000
2 10 2264.000000
2 9 2793.000000
2 8 829.000000
2 7 2501.000000
2 6 811.000000
2 5 2622.000000
2 4 1073.000000
2 3 3332.000000
3 99 3701.000000
3 98 1498.000000
3 97 1821.000000
3 96 324.000000
3 95 3344.000000
3 94 3196.000000
3 93 784.000000
3 92 1491.000000
3 91 819.000000
3 90 1760.000000
3 89 747.000000
3 88 992.000000
3 87 644.000000
3 86 2332.000000
3 85 2611.000000
3 84 2712.000000
3 83 1061.000000
3 82 2808.000000
3 81 2965.000000
3 80 2215.000000
3 79 758.000000
3 78 718.000000
3 77 3412.000000
3 76 2147.000000
3 75 3443.000000
3 74 477.000000
3 73 1507.000000
3 72 2416.000000
3 71 1293.000000
3 70 3704.000000
3 69 554.000000
3 68 2132.000000
3 67 2575.000000
3 66 1502.000000
3 65 216.000000
3 64 147.000000
3 63 2131.000000
3 62 973.000000
3 61 2353.000000
3 60 2076.000000
3 59 2235.000000
3 58 1572.000000
3 57 1763.000000
3 56 2454.000000
3 55 500.000000
3 54 2801.000000
3 53 2071.000000
3 52 497.000000
3 51 3447.000000
3 50 2195.000000
3 49 2568.000000
3 48 785.000000
3 47 3555.000000
3 46 1394.000000
3 45 3197.000000
3 44 1895.000000
3 43 2479.000000
3 42 3343.000000
3 41 867.000000
3 40 3771.000000
3 39 2087.000000
3 38 3060.000000
3 37 1189.000000
3 36 3428.000000
3 35 1336.000000
3 34 2674.000000
3 33 2886.000000
3 32 3458.000000
3 31 1696.000000
3 30 844.000000
3 29 3152.000000
3 28 3149.000000
3 27 1478.000000
3 26 2675.000000
3 25 417.000000
3 24 2203.000000
3 23 1101.000000
3 22 1928.000000
3 21 660.000000
3 20 1444.000000
3 19 2508.000000
3 18 372.000000
3 17 928.000000
3 16 1789.000000
3 15 624.000000
3 14 1794.000000
3 13 3441.000000
3 12 3362.000000
3 11 2649.000000
3 10 1695.000000
3 9 1030.000000
3 8 2511.000000
3 7 850.000000
3 6 2538.000000
3 5 822.000000
3 4 3447.000000
4 99 894.000000
4 98 3863.000000
4 97 2373.000000
4 96 3124.000000
4 95 253.000000
4 94 670.000000
4 93 3879.000000
4 92 2128.000000
4 91 2701.000000
4 90 2468.000000
4 89 3166.000000
4 88 2515.000000
4 87 3734.000000
4 86 1442.000000
4 85 1738.000000
4 84 805.000000
4 83 3354.000000
4 82 1319.000000
4 81 704.000000
4 80 1310.000000
4 79 2768.000000
4 78 3530.000000
4 77 242.000000
4 76 1957.000000
4 75 564.000000
4 74 3049.000000
4 73 3156.000000
4 72 1030.000000
4 71 3145.000000
4 70 1007.000000
4 69 3869.000000
4 68 1316.000000
4 67 905.000000
4 66 1971.000000
4 65 3661.000000
4 64 3583.000000
4 63 1349.000000
4 62 2799.000000
4 61 1965.000000
4 60 1506.000000
4 59 2087.000000
4 58 3221.000000
4 57 1818.000000
4 56 1499.000000
4 55 2961.000000
4 54 1342.000000
4 53 1468.000000
4 52 3515.000000
4 51 259.000000
4 50 1498.000000
4 49 887.000000
4 48 2964.000000
4 47 652.000000
4 46 2591.000000
4 45 1107.000000
4 44 2548.000000
4 43 1007.000000
4 42 1244.000000
4 41 2593.000000
4 40 1079.000000
4 39 1413.000000
4 38 437.000000
4 37 3688.000000
4 36 69.000000
4 35 3569.000000
4 34 1851.000000
4 33 1178.000000
4 32 474.000000
4 31 2683.000000
4 30 2700.000000
4 29 553.000000
4 28 972.000000
4 27 2113.000000
4 26 1675.000000
4 25 3765.000000
4 24 1343.000000
4 23 3691.000000
4 22 2328.000000
4 21 3839.000000
4 20 3135.000000
4 19 1655.000000
4 18 3277.000000
4 17 3681.000000
4 16 2946.000000
4 15 3770.000000
4 14 2934.000000
4 13 890.000000
4 12 502.000000
4 11 1552.000000
4 10 2883.000000
4 9 3218.000000
4 8 1400.000000
4 7 2605.000000
4 6 1423.000000
4 5 2919.000000
5 99 3024.000000
5 98 1154.000000
5 97 1002.000000
5 96 609.000000
5 95 2773.000000
5 94 2811.000000
5 93 962.000000
5 92 804.000000
5 91 329.000000
5 90 938.000000
5 89 249.000000
5 88 942.000000
5 87 825.000000
5 86 1633.000000
5 85 1830.000000
5 84 2130.000000
5 83 560.000000
5 82 2078.000000
5 81 2567.000000
5 80 1616.000000
5 79 886.000000
5 78 611.000000
5 77 2838.000000
5 76 1361.000000
5 75 3034.000000
5 74 374.000000
5 73 802.000000
5 72 1922.000000
5 71 604.000000
5 70 3011.000000
5 69 1007.000000
5 68 1630.000000
5 67 2014.000000
5 66 973.000000
5 65 970.000000
5 64 960.000000
5 63 1735.000000
5 62 157.000000
5 61 1555.000000
5 60 1437.000000
5 59 1428.000000
5 58 886.000000
5 57 1113.000000
5 56 1722.000000
5 55 697.000000
5 54 2068.000000
5 53 1745.000000
5 52 623.000000
5 51 2870.000000
5 50 1513.000000
5 49 2096.000000
5 48 47.000000
5 47 2911.000000
5 46 574.000000
5 45 2484.000000
5 44 1074.000000
5 43 2050.000000
5 42 2610.000000
5 41 764.000000
5 40 3071.000000
5 39 1720.000000
5 38 2499.000000
5 37 878.000000
5 36 2914.000000
5 35 876.000000
5 34 1879.000000
5 33 2175.000000
5 32 3029.000000
5 31 880.000000
5 30 944.000000
5 29 2538.000000
5 28 2458.000000
5 27 811.000000
5 26 1899.000000
5 25 1238.000000
5 24 1590.000000
5 23 843.000000
5 22 1110.000000
5 21 937.000000
5 20 737.000000
5 19 1743.000000
5 18 473.000000
5 17 781.000000
5 16 1012.000000
5 15 867.000000
5 14 1014.000000
5 13 2758.000000
5 12 2940.000000
5 11 1891.000000
5 10 907.000000
5 9 436.000000
5 8 1793.000000
5 7 533.000000
5 6 1812.000000
6 99 1231.000000
6 98 2544.000000
6 97 1009.000000
6 96 2229.000000
6 95 1196.000000
6 94 1707.000000
6 93 2744.000000
6 92 1046.000000
6 91 1719.000000
6 90 1108.000000
6 89 2031.000000
6 88 1867.000000
6 87 2624.000000
6 86 237.000000
6 85 369.000000
6 84 714.000000
6 83 2112.000000
6 82 269.000000
6 81 1508.000000
6 80 593.000000
6 79 2071.000000
6 78 2382.000000
6 77 1245.000000
6 76 560.000000
6 75 1810.000000
6 74 2070.000000
6 73 1814.000000
6 72 934.000000
6 71 1850.000000
6 70 1205.000000
6 69 2820.000000
6 68 895.000000
6 67 740.000000
6 66 1130.000000
6 65 2729.000000
6 64 2685.000000
6 63 1187.000000
6 62 1662.000000
6 61 541.000000
6 60 561.000000
6 59 666.000000
6 58 1866.000000
6 57 800.000000
6 56 93.000000
6 55 2144.000000
6 54 264.000000
6 53 1362.000000
6 52 2435.000000
6 51 1263.000000
6 50 382.000000
6 49 1051.000000
6 48 1859.000000
6 47 1164.000000
6 46 1332.000000
6 45 672.000000
6 44 1153.000000
6 43 1165.000000
6 42 805.000000
6 41 1843.000000
6 40 1261.000000
6 39 1258.000000
6 38 1005.000000
6 37 2423.000000
6 36 1453.000000
6 35 2265.000000
6 34 508.000000
6 33 366.000000
6 32 1756.000000
6 31 1320.000000
6 30 2040.000000
6 29 894.000000
6 28 663.000000
6 27 1062.000000
6 26 345.000000
6 25 2931.000000
6 24 555.000000
6 23 2447.000000
6 22 942.000000
6 21 2740.000000
6 20 1806.000000
6 19 242.000000
6 18 2259.000000
6 17 2480.000000
6 16 1557.000000
6 15 2670.000000
6 14 1545.000000
6 13 963.000000
6 12 1709.000000
6 11 216.000000
6 10 1511.000000
6 9 1989.000000
6 8 50.000000
6 7 1724.000000
7 99 2857.000000
7 98 1683.000000
7 97 1199.000000
7 96 527.000000
7 95 2495.000000
7 94 2402.000000
7 93 1345.000000
7 92 696.000000
7 91 206.000000
7 90 1175.000000
7 89 738.000000
7 88 416.000000
7 87 1187.000000
7 86 1506.000000
7 85 1849.000000
7 84 1862.000000
7 83 1092.000000
7 82 1992.000000
7 81 2163.000000
7 80 1365.000000
7 79 438.000000
7 78 1047.000000
7 77 2563.000000
7 76 1411.000000
7 75 2641.000000
7 74 456.000000
7 73 1291.000000
7 72 1577.000000
7 71 1113.000000
7 70 2865.000000
7 69 1275.000000
7 68 1289.000000
7 67 1725.000000
7 66 651.000000
7 65 1061.000000
7 64 993.000000
7 63 1320.000000
7 62 554.000000
7 61 1630.000000
7 60 1233.000000
7 59 1539.000000
7 58 1379.000000
7 57 930.000000
7 56 1646.000000
7 55 420.000000
7 54 1988.000000
7 53 1293.000000
7 52 958.000000
7 51 2598.000000
7 50 1365.000000
7 49 1736.000000
7 48 553.000000
7 47 2706.000000
7 46 849.000000
7 45 2369.000000
7 44 1347.000000
7 43 1660.000000
7 42 2524.000000
7 41 247.000000
7 40 2933.000000
7 39 1288.000000
7 38 2212.000000
7 37 1397.000000
7 36 2590.000000
7 35 1410.000000
7 34 1934.000000
7 33 2059.000000
7 32 2648.000000
7 31 1210.000000
7 30 464.000000
7 29 2301.000000
7 28 2312.000000
7 27 670.000000
7 26 1904.000000
7 25 1216.000000
7 24 1355.000000
7 23 1350.000000
7 22 1295.000000
7 21 1276.000000
7 20 1228.000000
7 19 1728.000000
7 18 691.000000
7 17 1257.000000
7 16 1421.000000
7 15 1210.000000
7 14 1420.000000
7 13 2600.000000
7 12 2553.000000
7 11 1858.000000
7 10 1307.000000
7 9 969.000000
7 8 1693.000000
8 99 1240.000000
8 98 2546.000000
8 97 1013.000000
8 96 2201.000000
8 95 1176.000000
8 94 1668.000000
8 93 2730.000000
8 92 1020.000000
8 91 1692.000000
8 90 1112.000000
8 89 2015.000000
8 88 1827.000000
8 87 2608.000000
8 86 195.000000
8 85 415.000000
8 84 675.000000
8 83 2105.000000
8 82 299.000000
8 81 1466.000000
8 80 543.000000
8 79 2034.000000
8 78 2369.000000
8 77 1227.000000
8 76 569.000000
8 75 1776.000000
8 74 2045.000000
8 73 1817.000000
8 72 886.000000
8 71 1848.000000
8 70 1219.000000
8 69 2801.000000
8 68 845.000000
8 67 696.000000
8 66 1092.000000
8 65 2704.000000
8 64 2658.000000
8 63 1137.000000
8 62 1645.000000
8 61 569.000000
8 60 517.000000
8 59 687.000000
8 58 1872.000000
8 57 765.000000
8 56 99.000000
8 55 2112.000000
8 54 297.000000
8 53 1311.000000
8 52 2417.000000
8 51 1246.000000
8 50 341.000000
8 49 1005.000000
8 48 1840.000000
8 47 1163.000000
8 46 1324.000000
8 45 690.000000
8 44 1165.000000
8 43 1116.000000
8 42 832.000000
8 41 1807.000000
8 40 1277.000000
8 39 1208.000000
8 38 977.000000
8 37 2419.000000
8 36 1427.000000
8 35 2265.000000
8 34 555.000000
8 33 381.000000
8 32 1723.000000
8 31 1325.000000
8 30 2002.000000
8 29 878.000000
8 28 671.000000
8 27 1033.000000
8 26 394.000000
8 25 2902.000000
8 24 506.000000
8 23 2442.000000
8 22 950.000000
8 21 2724.000000
8 20 1807.000000
8 19 281.000000
8 18 2237.000000
8 17 2471.000000
8 16 1568.000000
8 15 2654.000000
8 14 1555.000000
8 13 972.000000
8 12 1674.000000
8 11 266.000000
8 10 1518.000000
8 9 1980.000000
9 99 3220.000000
9 98 725.000000
9 97 1035.000000
9 96 933.000000
9 95 3050.000000
9 94 3172.000000
9 93 791.000000
9 92 1095.000000
9 91 764.000000
9 90 945.000000
9 89 300.000000
9 88 1376.000000
9 87 713.000000
9 86 1848.000000
9 85 1926.000000
9 84 2415.000000
9 83 140.000000
9 82 2240.000000
9 81 2927.000000
9 80 1908.000000
9 79 1301.000000
9 78 454.000000
9 77 3113.000000
9 76 1469.000000
9 75 3383.000000
9 74 712.000000
9 73 480.000000
9 72 2259.000000
9 71 269.000000
9 70 3192.000000
9 69 969.000000
9 68 1973.000000
9 67 2315.000000
9 66 1340.000000
9 65 1102.000000
9 64 1136.000000
9 63 2114.000000
9 62 465.000000
9 61 1626.000000
9 60 1712.000000
9 59 1481.000000
9 58 542.000000
9 57 1401.000000
9 56 1896.000000
9 55 1078.000000
9 54 2226.000000
9 53 2141.000000
9 52 617.000000
9 51 3141.000000
9 50 1749.000000
9 49 2437.000000
9 48 420.000000
9 47 3136.000000
9 46 656.000000
9 45 2654.000000
9 44 1017.000000
9 43 2409.000000
9 42 2755.000000
9 41 1197.000000
9 40 3244.000000
9 39 2107.000000
9 38 2786.000000
9 37 478.000000
9 36 3220.000000
9 35 441.000000
9 34 1944.000000
9 33 2355.000000
9 32 3371.000000
9 31 795.000000
9 30 1366.000000
9 29 2792.000000
9 28 2651.000000
9 27 1117.000000
9 26 2003.000000
9 25 1416.000000
9 24 1874.000000
9 23 473.000000
9 22 1136.000000
9 21 829.000000
9 20 420.000000
9 19 1871.000000
9 18 664.000000
9 17 493.000000
9 16 794.000000
9 15 769.000000
9 14 802.000000
9 13 2952.000000
9 12 3286.000000
9 11 2024.000000
9 10 721.000000
10 99 2712.000000
10 98 1053.000000
10 97 509.000000
10 96 1516.000000
10 95 2679.000000
10 94 2984.000000
10 93 1491.000000
10 92 982.000000
10 91 1127.000000
10 90 415.000000
10 89 954.000000
10 88 1707.000000
10 87 1430.000000
10 86 1442.000000
10 85 1346.000000
10 84 2088.000000
10 83 781.000000
10 82 1725.000000
10 81 2745.000000
10 80 1638.000000
10 79 1733.000000
10 78 1173.000000
10 77 2735.000000
10 76 951.000000
10 75 3158.000000
10 74 1280.000000
10 73 328.000000
10 72 2054.000000
10 71 467.000000
10 70 2664.000000
10 69 1690.000000
10 68 1807.000000
10 67 2027.000000
10 66 1324.000000
10 65 1800.000000
10 64 1819.000000
10 63 2031.000000
10 62 791.000000
10 61 1039.000000
10 60 1431.000000
10 59 888.000000
10 58 361.000000
10 57 1199.000000
10 56 1421.000000
10 55 1592.000000
10 54 1706.000000
10 53 2118.000000
10 52 1334.000000
10 51 2757.000000
10 50 1391.000000
10 49 2231.000000
10 48 931.000000
10 47 2672.000000
10 46 485.000000
10 45 2130.000000
10 44 370.000000
10 43 2252.000000
10 42 2196.000000
10 41 1553.000000
10 40 2705.000000
10 39 2052.000000
10 38 2446.000000
10 37 1004.000000
10 36 2899.000000
10 35 804.000000
10 34 1329.000000
10 33 1859.000000
10 32 3126.000000
10 31 201.000000
10 30 1771.000000
10 29 2390.000000
10 28 2158.000000
10 27 1026.000000
10 26 1427.000000
10 25 2102.000000
10 24 1592.000000
10 23 1060.000000
10 22 569.000000
10 21 1544.000000
10 20 348.000000
10 19 1334.000000
10 18 1323.000000
10 17 1161.000000
10 16 115.000000
10 15 1487.000000
10 14 113.000000
10 13 2450.000000
10 12 3056.000000
10 11 1483.000000
11 99 1229.000000
11 98 2532.000000
11 97 1005.000000
11 96 2348.000000
11 95 1312.000000
11 94 1889.000000
11 93 2797.000000
11 92 1166.000000
11 91 1832.000000
11 90 1104.000000
11 89 2096.000000
11 88 2033.000000
11 87 2686.000000
11 86 435.000000
11 85 185.000000
11 84 899.000000
11 83 2140.000000
11 82 250.000000
11 81 1700.000000
11 80 807.000000
11 79 2226.000000
11 78 2438.000000
11 77 1354.000000
11 76 555.000000
11 75 1975.000000
11 74 2174.000000
11 73 1800.000000
11 72 1147.000000
11 71 1861.000000
11 70 1183.000000
11 69 2896.000000
11 68 1109.000000
11 67 943.000000
11 66 1296.000000
11 65 2833.000000
11 64 2796.000000
11 63 1403.000000
11 62 1737.000000
11 61 452.000000
11 60 756.000000
11 59 598.000000
11 58 1843.000000
11 57 955.000000
11 56 240.000000
11 55 2279.000000
11 54 229.000000
11 53 1576.000000
11 52 2508.000000
11 51 1366.000000
11 50 570.000000
11 49 1258.000000
11 48 1938.000000
11 47 1207.000000
11 46 1375.000000
11 45 647.000000
11 44 1114.000000
11 43 1376.000000
11 42 731.000000
11 41 1996.000000
11 40 1227.000000
11 39 1473.000000
11 38 1154.000000
11 37 2437.000000
11 36 1589.000000
11 35 2265.000000
11 34 312.000000
11 33 395.000000
11 32 1916.000000
11 31 1304.000000
11 30 2201.000000
11 29 1005.000000
11 28 685.000000
11 27 1188.000000
11 26 136.000000
11 25 3050.000000
11 24 767.000000
11 23 2469.000000
11 22 921.000000
11 21 2804.000000
11 20 1800.000000
11 19 153.000000
11 18 2352.000000
11 17 2518.000000
11 16 1514.000000
11 15 2735.000000
11 14 1501.000000
11 13 969.000000
11 12 1876.000000
12 99 1395.000000
12 98 3971.000000
12 97 2557.000000
12 96 3047.000000
12 95 715.000000
12 94 215.000000
12 93 3880.000000
12 92 2195.000000
12 91 2682.000000
12 90 2644.000000
12 89 3189.000000
12 88 2386.000000
12 87 3727.000000
12 86 1660.000000
12 85 2059.000000
12 84 1002.000000
12 83 3426.000000
12 82 1670.000000
12 81 399.000000
12 80 1419.000000
12 79 2637.000000
12 78 3547.000000
12 77 730.000000
12 76 2186.000000
12 75 102.000000
12 74 3009.000000
12 73 3298.000000
12 72 1028.000000
12 71 3254.000000
12 70 1507.000000
12 69 3829.000000
12 68 1314.000000
12 67 1033.000000
12 66 1967.000000
12 65 3578.000000
12 64 3489.000000
12 63 1234.000000
12 62 2840.000000
12 61 2240.000000
12 60 1626.000000
12 59 2342.000000
12 58 3371.000000
12 57 1900.000000
12 56 1767.000000
12 55 2863.000000
12 54 1693.000000
12 53 1296.000000
12 52 3501.000000
12 51 755.000000
12 50 1674.000000
12 49 849.000000
12 48 2982.000000
12 47 1150.000000
12 46 2702.000000
12 45 1541.000000
12 44 2751.000000
12 43 894.000000
12 42 1701.000000
12 41 2494.000000
12 40 1580.000000
12 39 1274.000000
12 38 733.000000
12 37 3765.000000
12 36 433.000000
12 35 3672.000000
12 34 2186.000000
12 33 1542.000000
12 32 100.000000
12 31 2854.000000
12 30 2561.000000
12 29 956.000000
12 28 1397.000000
12 27 2170.000000
12 26 2008.000000
12 25 3639.000000
12 24 1464.000000
12 23 3755.000000
12 22 2531.000000
12 21 3824.000000
12 20 3267.000000
12 19 1950.000000
12 18 3243.000000
12 17 3720.000000
12 16 3133.000000
12 15 3756.000000
12 14 3122.000000
12 13 1370.000000
13 99 268.000000
13 98 3495.000000
13 97 1962.000000
13 96 3122.000000
13 95 655.000000
13 94 1490.000000
13 93 3701.000000
13 92 1967.000000
13 91 2629.000000
13 90 2061.000000
13 89 2984.000000
13 88 2652.000000
13 87 3577.000000
13 86 1124.000000
13 85 1125.000000
13 84 863.000000
13 83 3075.000000
13 82 725.000000
13 81 1415.000000
13 80 1254.000000
13 79 2885.000000
13 78 3340.000000
13 77 649.000000
13 76 1507.000000
13 75 1446.000000
13 74 2986.000000
13 73 2763.000000
13 72 1273.000000
13 71 2811.000000
13 70 267.000000
13 69 3763.000000
13 68 1450.000000
13 67 1013.000000
13 66 1958.000000
13 65 3642.000000
13 64 3587.000000
13 63 1647.000000
13 62 2612.000000
13 61 1420.000000
13 60 1367.000000
13 59 1567.000000
13 58 2810.000000
13 57 1679.000000
13 56 1056.000000
13 55 3008.000000
13 54 743.000000
13 53 1819.000000
13 52 3381.000000
13 51 633.000000
13 50 1250.000000
13 49 1248.000000
13 48 2805.000000
13 47 287.000000
13 46 2295.000000
13 45 329.000000
13 44 2083.000000
13 43 1410.000000
13 42 379.000000
13 41 2672.000000
13 40 343.000000
13 39 1727.000000
13 38 740.000000
13 37 3385.000000
13 36 954.000000
13 35 3222.000000
13 34 1192.000000
13 33 598.000000
13 32 1360.000000
13 31 2267.000000
13 30 2838.000000
13 29 482.000000
13 28 301.000000
13 27 1972.000000
13 26 1046.000000
13 25 3816.000000
13 24 1254.000000
13 23 3410.000000
13 22 1884.000000
13 21 3692.000000
13 20 2760.000000
13 19 1116.000000
13 18 3190.000000
13 17 3443.000000
13 16 2483.000000
13 15 3622.000000
13 14 2470.000000
14 99 2730.000000
14 98 1057.000000
14 97 565.000000
14 96 1622.000000
14 95 2724.000000
14 94 3056.000000
14 93 1555.000000
14 92 1080.000000
14 91 1240.000000
14 90 478.000000
14 89 1049.000000
14 88 1820.000000
14 87 1502.000000
14 86 1492.000000
14 85 1354.000000
14 84 2146.000000
14 83 848.000000
14 82 1747.000000
14 81 2819.000000
14 80 1708.000000
14 79 1846.000000
14 78 1248.000000
14 77 2779.000000
14 76 986.000000
14 75 3224.000000
14 74 1386.000000
14 73 364.000000
14 72 2129.000000
14 71 538.000000
14 70 2677.000000
14 69 1767.000000
14 68 1889.000000
14 67 2090.000000
14 66 1425.000000
14 65 1893.000000
14 64 1915.000000
14 63 2120.000000
14 62 902.000000
14 61 1051.000000
14 60 1502.000000
14 59 902.000000
14 58 370.000000
14 57 1285.000000
14 56 1457.000000
14 55 1702.000000
14 54 1728.000000
14 53 2212.000000
14 52 1418.000000
14 51 2800.000000
14 50 1451.000000
14 49 2305.000000
14 48 1037.000000
14 47 2700.000000
14 46 595.000000
14 45 2146.000000
14 44 391.000000
14 43 2332.000000
14 42 2203.000000
14 41 1666.000000
14 40 2715.000000
14 39 2144.000000
14 38 2499.000000
14 37 1042.000000
14 36 2953.000000
14 35 830.000000
14 34 1326.000000
14 33 1884.000000
14 32 3190.000000
14 31 280.000000
14 30 1884.000000
14 29 2432.000000
14 28 2183.000000
14 27 1125.000000
14 26 1436.000000
14 25 2198.000000
14 24 1661.000000
14 23 1105.000000
14 22 606.000000
14 21 1615.000000
14 20 402.000000
14 19 1355.000000
14 18 1422.000000
14 17 1219.000000
14 16 13.000000
14 15 1560.000000
15 99 3889.000000
15 98 950.000000
15 97 1780.000000
15 96 804.000000
15 95 3633.000000
15 94 3611.000000
15 93 160.000000
15 92 1670.000000
15 91 1075.000000
15 90 1696.000000
15 89 640.000000
15 88 1495.000000
15 87 58.000000
15 86 2499.000000
15 85 2656.000000
15 84 2990.000000
15 83 714.000000
15 82 2933.000000
15 81 3370.000000
15 80 2476.000000
15 79 1301.000000
15 78 315.000000
15 77 3699.000000
15 76 2189.000000
15 75 3845.000000
15 74 755.000000
15 73 1211.000000
15 72 2756.000000
15 71 1023.000000
15 70 3873.000000
15 69 214.000000
15 68 2464.000000
15 67 2868.000000
15 66 1802.000000
15 65 534.000000
15 64 630.000000
15 63 2527.000000
15 62 1010.000000
15 61 2365.000000
15 60 2302.000000
15 59 2226.000000
15 58 1247.000000
15 57 1977.000000
15 56 2579.000000
15 55 1020.000000
15 54 2922.000000
15 53 2503.000000
15 52 255.000000
15 51 3731.000000
15 50 2380.000000
15 49 2924.000000
15 48 820.000000
15 47 3778.000000
15 46 1367.000000
15 45 3343.000000
15 44 1783.000000
15 43 2861.000000
15 42 3462.000000
15 41 1333.000000
15 40 3931.000000
15 39 2498.000000
15 38 3356.000000
15 37 674.000000
15 36 3761.000000
15 35 876.000000
15 34 2688.000000
15 33 3035.000000
15 32 3848.000000
15 31 1562.000000
15 30 1387.000000
15 29 3403.000000
15 28 3322.000000
15 27 1674.000000
15 26 2730.000000
15 25 839.000000
15 24 2452.000000
15 23 578.000000
15 22 1885.000000
15 21 70.000000
15 20 1162.000000
15 19 2584.000000
15 18 523.000000
15 17 399.000000
15 16 1552.000000
16 99 2743.000000
16 98 1044.000000
16 97 576.000000
16 96 1620.000000
16 95 2737.000000
16 94 3067.000000
16 93 1545.000000
16 92 1088.000000
16 91 1240.000000
16 90 489.000000
16 89 1044.000000
16 88 1822.000000
16 87 1494.000000
16 86 1504.000000
16 85 1367.000000
16 84 2157.000000
16 83 839.000000
16 82 1760.000000
16 81 2830.000000
16 80 1719.000000
16 79 1846.000000
16 78 1240.000000
16 77 2791.000000
16 76 999.000000
16 75 3235.000000
16 74 1383.000000
16 73 354.000000
16 72 2140.000000
16 71 529.000000
16 70 2690.000000
16 69 1759.000000
16 68 1899.000000
16 67 2102.000000
16 66 1432.000000
16 65 1887.000000
16 64 1910.000000
16 63 2129.000000
16 62 901.000000
16 61 1064.000000
16 60 1513.000000
16 59 915.000000
16 58 358.000000
16 57 1294.000000
16 56 1470.000000
16 55 1701.000000
16 54 1741.000000
16 53 2220.000000
16 52 1411.000000
16 51 2812.000000
16 50 1462.000000
16 49 2315.000000
16 48 1034.000000
16 47 2713.000000
16 46 599.000000
16 45 2159.000000
16 44 404.000000
16 43 2342.000000
16 42 2216.000000
16 41 1668.000000
16 40 2728.000000
16 39 2152.000000
16 38 2511.000000
16 37 1031.000000
16 36 2965.000000
16 35 818.000000
16 34 1339.000000
16 33 1897.000000
16 32 3202.000000
16 31 289.000000
16 30 1885.000000
16 29 2444.000000
16 28 2196.000000
16 27 1132.000000
16 26 1449.000000
16 25 2192.000000
16 24 1672.000000
16 23 1094.000000
16 22 619.000000
16 21 1606.000000
16 20 392.000000
16 19 1368.000000
16 18 1417.000000
16 17 1209.000000
17 99 3711.000000
17 98 572.000000
17 97 1525.000000
17 96 996.000000
17 95 3522.000000
17 94 3593.000000
17 93 341.000000
17 92 1552.000000
17 91 1076.000000
17 90 1433.000000
17 89 535.000000
17 88 1615.000000
17 87 346.000000
17 86 2334.000000
17 85 2418.000000
17 84 2882.000000
17 83 386.000000
17 82 2733.000000
17 81 3348.000000
17 80 2371.000000
17 79 1468.000000
17 78 229.000000
17 77 3586.000000
17 76 1962.000000
17 75 3814.000000
17 74 853.000000
17 73 857.000000
17 72 2698.000000
17 71 697.000000
17 70 3684.000000
17 69 612.000000
17 68 2407.000000
17 67 2775.000000
17 66 1754.000000
17 65 899.000000
17 64 977.000000
17 63 2517.000000
17 62 883.000000
17 61 2116.000000
17 60 2181.000000
17 59 1970.000000
17 58 879.000000
17 57 1863.000000
17 56 2387.000000
17 55 1198.000000
17 54 2719.000000
17 53 2521.000000
17 52 433.000000
17 51 3615.000000
17 50 2230.000000
17 49 2873.000000
17 48 742.000000
17 47 3622.000000
17 46 1148.000000
17 45 3147.000000
17 44 1490.000000
17 43 2831.000000
17 42 3249.000000
17 41 1438.000000
17 40 3737.000000
17 39 2500.000000
17 38 3254.000000
17 37 276.000000
17 36 3679.000000
17 35 478.000000
17 34 2432.000000
17 33 2847.000000
17 32 3808.000000
17 31 1269.000000
17 30 1548.000000
17 29 3271.000000
17 28 3142.000000
17 27 1567.000000
17 26 2495.000000
17 25 1218.000000
17 24 2340.000000
17 23 181.000000
17 22 1624.000000
17 21 431.000000
17 20 817.000000
17 19 2364.000000
17 18 671.000000
18 99 3454.000000
18 98 1209.000000
18 97 1475.000000
18 96 325.000000
18 95 3151.000000
18 94 3093.000000
18 93 667.000000
18 92 1223.000000
18 91 576.000000
18 90 1408.000000
18 89 375.000000
18 88 979.000000
18 87 506.000000
18 86 2067.000000
18 85 2298.000000
18 84 2510.000000
18 83 711.000000
18 82 2528.000000
18 81 2854.000000
18 80 2001.000000
18 79 806.000000
18 78 441.000000
18 77 3218.000000
18 76 1830.000000
18 75 3331.000000
18 74 234.000000
18 73 1138.000000
18 72 2254.000000
18 71 923.000000
18 70 3448.000000
18 69 592.000000
18 68 1963.000000
18 67 2382.000000
18 66 1306.000000
18 65 497.000000
18 64 497.000000
18 63 2011.000000
18 62 630.000000
18 61 2027.000000
18 60 1840.000000
18 59 1902.000000
18 58 1205.000000
18 57 1517.000000
18 56 2172.000000
18 55 530.000000
18 54 2519.000000
18 53 1982.000000
18 52 279.000000
18 51 3252.000000
18 50 1939.000000
18 49 2419.000000
18 48 431.000000
18 47 3326.000000
18 46 1046.000000
18 45 2928.000000
18 44 1535.000000
18 43 2349.000000
18 42 3062.000000
18 41 813.000000
18 40 3511.000000
18 39 1979.000000
18 38 2871.000000
18 37 896.000000
18 36 3264.000000
18 35 1007.000000
18 34 2351.000000
18 33 2617.000000
18 32 3336.000000
18 31 1331.000000
18 30 889.000000
18 29 2937.000000
18 28 2893.000000
18 27 1218.000000
18 26 2366.000000
18 25 780.000000
18 24 1981.000000
18 23 819.000000
18 22 1583.000000
18 21 587.000000
18 20 1074.000000
18 19 2206.000000
19 99 1379.000000
19 98 2381.000000
19 97 852.000000
19 96 2211.000000
19 95 1422.000000
19 94 1949.000000
19 93 2645.000000
19 92 1033.000000
19 91 1694.000000
19 90 951.000000
19 89 1946.000000
19 88 1921.000000
19 87 2534.000000
19 86 390.000000
19 85 155.000000
19 84 956.000000
19 83 1986.000000
19 82 391.000000
19 81 1748.000000
19 80 775.000000
19 79 2106.000000
19 78 2285.000000
19 77 1468.000000
19 76 402.000000
19 75 2052.000000
19 74 2032.000000
19 73 1649.000000
19 72 1154.000000
19 71 1708.000000
19 70 1335.000000
19 69 2746.000000
19 68 1077.000000
19 67 976.000000
19 66 1188.000000
19 65 2689.000000
19 64 2654.000000
19 63 1374.000000
19 62 1588.000000
19 61 315.000000
19 60 686.000000
19 59 455.000000
19 58 1694.000000
19 57 844.000000
19 56 203.000000
19 55 2148.000000
19 54 372.000000
19 53 1542.000000
19 52 2358.000000
19 51 1483.000000
19 50 501.000000
19 49 1282.000000
19 48 1789.000000
19 47 1346.000000
19 46 1222.000000
19 45 797.000000
19 44 967.000000
19 43 1386.000000
19 42 884.000000
19 41 1875.000000
19 40 1380.000000
19 39 1440.000000
19 38 1243.000000
19 37 2283.000000
19 36 1688.000000
19 35 2113.000000
19 34 293.000000
19 33 530.000000
19 32 1997.000000
19 31 1153.000000
19 30 2085.000000
19 29 1116.000000
19 28 827.000000
19 27 1058.000000
19 26 180.000000
19 25 2911.000000
19 24 730.000000
19 23 2316.000000
19 22 769.000000
19 21 2652.000000
19 20 1648.000000
20 99 3025.000000
20 98 738.000000
20 97 798.000000
20 96 1316.000000
20 95 2943.000000
20 94 3178.000000
20 93 1152.000000
20 92 1102.000000
20 91 1027.000000
20 90 698.000000
20 89 700.000000
20 88 1644.000000
20 87 1103.000000
20 86 1708.000000
20 85 1674.000000
20 84 2332.000000
20 83 447.000000
20 82 2035.000000
20 81 2935.000000
20 80 1852.000000
20 79 1619.000000
20 78 852.000000
20 77 3002.000000
20 76 1252.000000
20 75 3368.000000
20 74 1083.000000
20 73 66.000000
20 72 2246.000000
20 71 151.000000
20 70 2983.000000
20 69 1370.000000
20 68 1979.000000
20 67 2253.000000
20 66 1415.000000
20 65 1522.000000
20 64 1555.000000
20 63 2170.000000
20 62 674.000000
20 61 1366.000000
20 60 1645.000000
20 59 1215.000000
20 58 150.000000
20 57 1372.000000
20 56 1714.000000
20 55 1432.000000
20 54 2018.000000
20 53 2231.000000
20 52 1034.000000
20 51 3027.000000
20 50 1637.000000
20 49 2426.000000
20 48 745.000000
20 47 2970.000000
20 46 571.000000
20 45 2445.000000
20 44 705.000000
20 43 2426.000000
20 42 2522.000000
20 41 1473.000000
20 40 3027.000000
20 39 2179.000000
20 38 2698.000000
20 37 657.000000
20 36 3146.000000
20 35 465.000000
20 34 1666.000000
20 33 2163.000000
20 32 3344.000000
20 31 496.000000
20 30 1671.000000
20 29 2665.000000
20 28 2464.000000
20 27 1138.000000
20 26 1754.000000
20 25 1836.000000
20 24 1810.000000
20 23 711.000000
20 22 879.000000
20 21 1215.000000
21 99 3959.000000
21 98 963.000000
21 97 1846.000000
21 96 859.000000
21 95 3703.000000
21 94 3678.000000
21 93 133.000000
21 92 1740.000000
21 91 1144.000000
21 90 1761.000000
21 89 709.000000
21 88 1554.000000
21 87 118.000000
21 86 2569.000000
21 85 2723.000000
21 84 3060.000000
21 83 767.000000
21 82 3002.000000
21 81 3437.000000
21 80 2546.000000
21 79 1355.000000
21 78 376.000000
21 77 3769.000000
21 76 2257.000000
21 75 3913.000000
21 74 820.000000
21 73 1262.000000
21 72 2825.000000
21 71 1078.000000
21 70 3943.000000
21 69 186.000000
21 68 2533.000000
21 67 2938.000000
21 66 1871.000000
21 65 549.000000
21 64 652.000000
21 63 2595.000000
21 62 1079.000000
21 61 2431.000000
21 60 2372.000000
21 59 2291.000000
21 58 1295.000000
21 57 2047.000000
21 56 2649.000000
21 55 1075.000000
21 54 2991.000000
21 53 2569.000000
21 52 324.000000
21 51 3801.000000
21 50 2450.000000
21 49 2993.000000
21 48 890.000000
21 47 3848.000000
21 46 1434.000000
21 45 3412.000000
21 44 1845.000000
21 43 2929.000000
21 42 3530.000000
21 41 1394.000000
21 40 4001.000000
21 39 2565.000000
21 38 3426.000000
21 37 700.000000
21 36 3830.000000
21 35 910.000000
21 34 2754.000000
21 33 3105.000000
21 32 3916.000000
21 31 1624.000000
21 30 1442.000000
21 29 3474.000000
21 28 3392.000000
21 27 1745.000000
21 26 2797.000000
21 25 842.000000
21 24 2522.000000
21 23 604.000000
21 22 1950.000000
22 99 2148.000000
22 98 1612.000000
22 97 107.000000
22 96 1674.000000
22 95 2117.000000
22 94 2478.000000
22 93 1926.000000
22 92 702.000000
22 91 1180.000000
22 90 191.000000
22 89 1266.000000
22 88 1621.000000
22 87 1832.000000
22 86 887.000000
22 85 798.000000
22 84 1545.000000
22 83 1239.000000
22 82 1158.000000
22 81 2246.000000
22 80 1132.000000
22 79 1729.000000
22 78 1575.000000
22 77 2172.000000
22 76 382.000000
22 75 2634.000000
22 74 1458.000000
22 73 879.000000
22 72 1563.000000
22 71 947.000000
22 70 2104.000000
22 69 2066.000000
22 68 1350.000000
22 67 1498.000000
22 66 1029.000000
22 65 2080.000000
22 64 2069.000000
22 63 1610.000000
22 62 955.000000
22 61 493.000000
22 60 934.000000
22 59 345.000000
22 58 926.000000
22 57 785.000000
22 56 853.000000
22 55 1676.000000
22 54 1141.000000
22 53 1729.000000
22 52 1683.000000
22 51 2193.000000
22 50 856.000000
22 49 1733.000000
22 48 1151.000000
22 47 2104.000000
22 46 537.000000
22 45 1567.000000
22 44 220.000000
22 43 1778.000000
22 42 1644.000000
22 41 1510.000000
22 40 2148.000000
22 39 1647.000000
22 38 1894.000000
22 37 1521.000000
22 36 2348.000000
22 35 1344.000000
22 34 808.000000
22 33 1291.000000
22 32 2596.000000
22 31 383.000000
22 30 1739.000000
22 29 1825.000000
22 28 1591.000000
22 27 749.000000
22 26 878.000000
22 25 2345.000000
22 24 1083.000000
22 23 1560.000000
23 99 3678.000000
23 98 397.000000
23 97 1466.000000
23 96 1144.000000
23 95 3523.000000
23 94 3636.000000
23 93 500.000000
23 92 1567.000000
23 91 1159.000000
23 90 1370.000000
23 89 612.000000
23 88 1728.000000
23 87 526.000000
23 86 2315.000000
23 85 2358.000000
23 84 2888.000000
23 83 338.000000
23 82 2693.000000
23 81 3391.000000
23 80 2382.000000
23 79 1599.000000
23 78 386.000000
23 77 3586.000000
23 76 1914.000000
23 75 3851.000000
23 74 979.000000
23 73 740.000000
23 72 2728.000000
23 71 613.000000
23 70 3645.000000
23 69 788.000000
23 68 2441.000000
23 67 2788.000000
23 66 1799.000000
23 65 1079.000000
23 64 1156.000000
23 63 2569.000000
23 62 917.000000
23 61 2053.000000
23 60 2186.000000
23 59 1904.000000
23 58 748.000000
23 57 1875.000000
23 56 2354.000000
23 55 1337.000000
23 54 2678.000000
23 53 2586.000000
23 52 603.000000
23 51 3614.000000
23 50 2220.000000
23 49 2906.000000
23 48 810.000000
23 47 3601.000000
23 46 1120.000000
23 45 3107.000000
23 44 1408.000000
23 43 2873.000000
23 42 3199.000000
23 41 1549.000000
23 40 3695.000000
23 39 2558.000000
23 38 3260.000000
23 37 96.000000
23 36 3693.000000
23 35 313.000000
23 34 2363.000000
23 33 2813.000000
23 32 3840.000000
23 31 1190.000000
23 30 1676.000000
23 29 3263.000000
23 28 3110.000000
23 27 1588.000000
23 26 2437.000000
23 25 1399.000000
23 24 2348.000000
24 99 1505.000000
24 98 2528.000000
24 97 1098.000000
24 96 1881.000000
24 95 1183.000000
24 94 1397.000000
24 93 2552.000000
24 92 789.000000
24 91 1407.000000
24 90 1182.000000
24 89 1833.000000
24 88 1403.000000
24 87 2413.000000
24 86 340.000000
24 85 884.000000
24 84 542.000000
24 83 2011.000000
24 82 764.000000
24 81 1163.000000
24 80 51.000000
24 79 1632.000000
24 78 2198.000000
24 77 1248.000000
24 76 780.000000
24 75 1565.000000
24 74 1765.000000
24 73 1838.000000
24 72 483.000000
24 71 1809.000000
24 70 1521.000000
24 69 2569.000000
24 68 347.000000
24 67 444.000000
24 66 706.000000
24 65 2410.000000
24 64 2347.000000
24 63 644.000000
24 62 1462.000000
24 61 909.000000
24 60 164.000000
24 59 963.000000
24 58 1909.000000
24 57 478.000000
24 56 535.000000
24 55 1757.000000
24 54 771.000000
24 53 812.000000
24 52 2201.000000
24 51 1280.000000
24 50 254.000000
24 49 650.000000
24 48 1636.000000
24 47 1352.000000
24 46 1254.000000
24 45 1062.000000
24 44 1299.000000
24 43 708.000000
24 42 1242.000000
24 41 1417.000000
24 40 1594.000000
24 39 710.000000
24 38 913.000000
24 37 2345.000000
24 36 1346.000000
24 35 2231.000000
24 34 1023.000000
24 33 774.000000
24 32 1536.000000
24 31 1390.000000
24 30 1587.000000
24 29 955.000000
24 28 980.000000
24 27 779.000000
24 26 885.000000
24 25 2567.000000
25 99 4071.000000
25 98 1786.000000
25 97 2237.000000
25 96 702.000000
25 95 3679.000000
25 94 3462.000000
25 93 975.000000
25 92 1886.000000
25 91 1217.000000
25 90 2177.000000
25 89 1148.000000
25 88 1255.000000
25 87 882.000000
25 86 2718.000000
25 85 3018.000000
25 84 3058.000000
25 83 1427.000000
25 82 3200.000000
25 81 3240.000000
25 80 2574.000000
25 79 1002.000000
25 78 1043.000000
25 77 3747.000000
25 76 2558.000000
25 75 3715.000000
25 74 890.000000
25 73 1896.000000
25 72 2737.000000
25 71 1684.000000
25 70 4080.000000
25 69 669.000000
25 68 2463.000000
25 67 2915.000000
25 66 1861.000000
25 65 323.000000
25 64 283.000000
25 63 2425.000000
25 62 1390.000000
25 61 2765.000000
25 60 2448.000000
25 59 2649.000000
25 58 1956.000000
25 57 2144.000000
25 56 2849.000000
25 55 812.000000
25 54 3195.000000
25 53 2343.000000
25 52 825.000000
25 51 3784.000000
25 50 2579.000000
25 49 2879.000000
25 48 1201.000000
25 47 3915.000000
25 46 1811.000000
25 45 3583.000000
25 44 2311.000000
25 43 2775.000000
25 42 3734.000000
25 41 1173.000000
25 40 4149.000000
25 39 2373.000000
25 38 3395.000000
25 37 1493.000000
25 36 3741.000000
25 35 1670.000000
25 34 3085.000000
25 33 3273.000000
25 32 3738.000000
25 31 2110.000000
25 30 1078.000000
25 29 3504.000000
25 28 3528.000000
25 27 1869.000000
25 26 3081.000000
26 99 1299.000000
26 98 2480.000000
26 97 971.000000
26 96 2381.000000
26 95 1432.000000
26 94 2025.000000
26 93 2785.000000
26 92 1208.000000
26 91 1864.000000
26 90 1067.000000
26 89 2094.000000
26 88 2102.000000
26 87 2679.000000
26 86 546.000000
26 85 81.000000
26 84 1035.000000
26 83 2113.000000
26 82 358.000000
26 81 1836.000000
26 80 927.000000
26 79 2285.000000
26 78 2427.000000
26 77 1471.000000
26 76 540.000000
26 75 2108.000000
26 74 2198.000000
26 73 1749.000000
26 72 1280.000000
26 71 1825.000000
26 70 1242.000000
26 69 2897.000000
26 68 1230.000000
26 67 1079.000000
26 66 1369.000000
26 65 2853.000000
26 64 2821.000000
26 63 1525.000000
26 62 1743.000000
26 61 388.000000
26 60 857.000000
26 59 539.000000
26 58 1788.000000
26 57 1024.000000
26 56 349.000000
26 55 2323.000000
26 54 335.000000
26 53 1697.000000
26 52 2509.000000
26 51 1482.000000
26 50 671.000000
26 49 1394.000000
26 48 1945.000000
26 47 1299.000000
26 46 1363.000000
26 45 717.000000
26 44 1057.000000
26 43 1510.000000
26 42 769.000000
26 41 2055.000000
26 40 1279.000000
26 39 1594.000000
26 38 1284.000000
26 37 2400.000000
26 36 1714.000000
26 35 2220.000000
26 34 178.000000
26 33 503.000000
26 32 2047.000000
26 31 1257.000000
26 30 2265.000000
26 29 1124.000000
26 28 778.000000
26 27 1234.000000
27 99 2235.000000
27 98 1808.000000
27 97 683.000000
27 96 1167.000000
27 95 1962.000000
27 94 2061.000000
27 93 1773.000000
27 92 47.000000
27 91 659.000000
27 90 709.000000
27 89 1054.000000
27 88 905.000000
27 87 1634.000000
27 86 854.000000
27 85 1181.000000
27 84 1320.000000
27 83 1256.000000
27 82 1331.000000
27 81 1816.000000
27 80 806.000000
27 79 1060.000000
27 78 1419.000000
27 77 2027.000000
27 76 760.000000
27 75 2267.000000
27 74 1015.000000
27 73 1181.000000
27 72 1141.000000
27 71 1099.000000
27 70 2232.000000
27 69 1799.000000
27 68 858.000000
27 67 1208.000000
27 66 300.000000
27 65 1673.000000
27 64 1625.000000
27 63 1031.000000
27 62 685.000000
27 61 981.000000
27 60 627.000000
27 59 911.000000
27 58 1265.000000
27 57 302.000000
27 56 980.000000
27 55 1091.000000
27 54 1325.000000
27 53 1099.000000
27 52 1425.000000
27 51 2059.000000
27 50 721.000000
27 49 1320.000000
27 48 857.000000
27 47 2109.000000
27 46 571.000000
27 45 1719.000000
27 44 885.000000
27 43 1300.000000
27 42 1866.000000
27 41 829.000000
27 40 2296.000000
27 39 1041.000000
27 38 1689.000000
27 37 1595.000000
27 36 2111.000000
27 35 1508.000000
27 34 1272.000000
27 33 1408.000000
27 32 2253.000000
27 31 851.000000
27 30 1049.000000
27 29 1728.000000
27 28 1676.000000
28 99 569.000000
28 98 3201.000000
28 97 1666.000000
28 96 2832.000000
28 95 719.000000
28 94 1477.000000
28 93 3400.000000
28 92 1670.000000
28 91 2335.000000
28 90 1765.000000
28 89 2684.000000
28 88 2383.000000
28 87 3276.000000
28 86 825.000000
28 85 854.000000
28 84 670.000000
28 83 2775.000000
28 82 436.000000
28 81 1355.000000
28 80 986.000000
28 79 2611.000000
28 78 3039.000000
28 77 742.000000
28 76 1212.000000
28 75 1485.000000
28 74 2692.000000
28 73 2469.000000
28 72 1074.000000
28 71 2512.000000
28 70 555.000000
28 69 3464.000000
28 68 1210.000000
28 67 808.000000
28 66 1676.000000
28 65 3349.000000
28 64 3296.000000
28 63 1436.000000
28 62 2312.000000
28 61 1137.000000
28 60 1080.000000
28 59 1282.000000
28 58 2518.000000
28 57 1386.000000
28 56 756.000000
28 55 2724.000000
28 54 456.000000
28 53 1614.000000
28 52 3082.000000
28 51 742.000000
28 50 955.000000
28 49 1086.000000
28 48 2505.000000
28 47 522.000000
28 46 1995.000000
28 45 148.000000
28 44 1793.000000
28 43 1244.000000
28 42 337.000000
28 41 2394.000000
28 40 621.000000
28 39 1517.000000
28 38 683.000000
28 37 3086.000000
28 36 1025.000000
28 35 2926.000000
28 34 937.000000
28 33 300.000000
28 32 1409.000000
28 31 1973.000000
28 30 2567.000000
28 29 440.000000
29 99 643.000000
29 98 3401.000000
29 97 1882.000000
29 96 2828.000000
29 95 307.000000
29 94 1042.000000
29 93 3499.000000
29 92 1734.000000
29 91 2362.000000
29 90 1979.000000
29 89 2778.000000
29 88 2294.000000
29 87 3363.000000
29 86 956.000000
29 85 1189.000000
29 84 450.000000
29 83 2924.000000
29 82 767.000000
29 81 941.000000
29 80 938.000000
29 79 2538.000000
29 78 3142.000000
29 77 351.000000
29 76 1446.000000
29 75 1045.000000
29 74 2720.000000
29 73 2680.000000
29 72 838.000000
29 71 2691.000000
29 70 711.000000
29 69 3524.000000
29 68 1061.000000
29 67 601.000000
29 66 1650.000000
29 65 3361.000000
29 64 3295.000000
29 63 1213.000000
29 62 2405.000000
29 61 1430.000000
29 60 1101.000000
29 59 1560.000000
29 58 2739.000000
29 57 1426.000000
29 56 977.000000
29 55 2692.000000
29 54 790.000000
29 53 1375.000000
29 52 3154.000000
29 51 368.000000
29 50 1043.000000
29 49 783.000000
29 48 2584.000000
29 47 427.000000
29 46 2146.000000
29 45 585.000000
29 44 2042.000000
29 43 944.000000
29 42 754.000000
29 41 2337.000000
29 40 793.000000
29 39 1291.000000
29 38 261.000000
29 37 3251.000000
29 36 597.000000
29 35 3113.000000
29 34 1299.000000
29 33 625.000000
29 32 970.000000
29 31 2194.000000
29 30 2482.000000
30 99 3081.000000
30 98 2044.000000
30 97 1648.000000
30 96 583.000000
30 95 2631.000000
30 94 2384.000000
30 93 1542.000000
30 92 1086.000000
30 91 648.000000
30 90 1632.000000
30 89 1092.000000
30 88 187.000000
30 87 1383.000000
30 86 1808.000000
30 85 2219.000000
30 84 2031.000000
30 83 1471.000000
30 82 2300.000000
30 81 2161.000000
30 80 1584.000000
30 79 87.000000
30 78 1321.000000
30 77 2699.000000
30 76 1810.000000
30 75 2637.000000
30 74 697.000000
30 73 1736.000000
30 72 1682.000000
30 71 1546.000000
30 70 3106.000000
30 69 1380.000000
30 68 1422.000000
30 67 1882.000000
30 66 910.000000
30 65 1052.000000
30 64 951.000000
30 63 1353.000000
30 62 1000.000000
30 61 2031.000000
30 60 1500.000000
30 59 1955.000000
30 58 1822.000000
30 57 1246.000000
30 56 1973.000000
30 55 366.000000
30 54 2299.000000
30 53 1265.000000
30 52 1165.000000
30 51 2737.000000
30 50 1661.000000
30 49 1813.000000
30 48 948.000000
30 47 2904.000000
30 46 1314.000000
30 45 2644.000000
30 44 1806.000000
30 43 1702.000000
30 42 2815.000000
30 41 229.000000
30 40 3180.000000
30 39 1297.000000
30 38 2349.000000
30 37 1739.000000
30 36 2673.000000
30 35 1793.000000
30 34 2318.000000
30 33 2344.000000
30 32 2660.000000
30 31 1675.000000
31 99 2531.000000
31 98 1228.000000
31 97 312.000000
31 96 1484.000000
31 95 2480.000000
31 94 2783.000000
31 93 1585.000000
31 92 805.000000
31 91 1049.000000
31 90 215.000000
31 89 979.000000
31 88 1594.000000
31 87 1506.000000
31 86 1243.000000
31 85 1177.000000
31 84 1887.000000
31 83 882.000000
31 82 1541.000000
31 81 2545.000000
31 80 1436.000000
31 79 1646.000000
31 78 1247.000000
31 77 2537.000000
31 76 761.000000
31 75 2956.000000
31 74 1252.000000
31 73 496.000000
31 72 1854.000000
31 71 577.000000
31 70 2487.000000
31 69 1756.000000
31 68 1610.000000
31 67 1825.000000
31 66 1151.000000
31 65 1822.000000
31 64 1828.000000
31 63 1840.000000
31 62 743.000000
31 61 869.000000
31 60 1230.000000
31 59 719.000000
31 58 546.000000
31 57 1005.000000
31 56 1229.000000
31 55 1534.000000
31 54 1524.000000
31 53 1933.000000
31 52 1383.000000
31 51 2559.000000
31 50 1190.000000
31 49 2031.000000
31 48 913.000000
31 47 2484.000000
31 46 361.000000
31 45 1950.000000
31 44 221.000000
31 43 2054.000000
31 42 2025.000000
31 41 1451.000000
31 40 2531.000000
31 39 1864.000000
31 38 2246.000000
31 37 1146.000000
31 36 2698.000000
31 35 962.000000
31 34 1174.000000
31 33 1672.000000
31 32 2924.000000
32 99 1366.000000
32 98 4052.000000
32 97 2625.000000
32 96 3143.000000
32 95 707.000000
32 94 311.000000
32 93 3971.000000
32 92 2277.000000
32 91 2774.000000
32 90 2713.000000
32 89 3278.000000
32 88 2484.000000
32 87 3819.000000
32 86 1719.000000
32 85 2101.000000
32 84 1058.000000
32 83 3510.000000
32 82 1703.000000
32 81 499.000000
32 80 1493.000000
32 79 2736.000000
32 78 3637.000000
32 77 712.000000
32 76 2246.000000
32 75 92.000000
32 74 3103.000000
32 73 3373.000000
32 72 1111.000000
32 71 3334.000000
32 70 1481.000000
32 69 3923.000000
32 68 1400.000000
32 67 1100.000000
32 66 2056.000000
32 65 3675.000000
32 64 3586.000000
32 63 1329.000000
32 62 2927.000000
32 61 2291.000000
32 60 1700.000000
32 59 2398.000000
32 58 3445.000000
32 57 1979.000000
32 56 1818.000000
32 55 2960.000000
32 54 1726.000000
32 53 1395.000000
32 52 3593.000000
32 51 733.000000
32 50 1740.000000
32 49 934.000000
32 48 3071.000000
32 47 1126.000000
32 46 2780.000000
32 45 1551.000000
32 44 2817.000000
32 43 987.000000
32 42 1702.000000
32 41 2591.000000
32 40 1551.000000
32 39 1371.000000
32 38 764.000000
32 37 3848.000000
32 36 407.000000
32 35 3753.000000
32 34 2225.000000
32 33 1571.000000
33 99 865.000000
33 98 2900.000000
33 97 1365.000000
33 96 2573.000000
33 95 931.000000
33 94 1585.000000
33 93 3110.000000
33 92 1397.000000
33 91 2068.000000
33 90 1465.000000
33 89 2396.000000
33 88 2164.000000
33 87 2989.000000
33 86 554.000000
33 85 573.000000
33 84 643.000000
33 83 2478.000000
33 82 145.000000
33 81 1424.000000
33 80 793.000000
33 79 2382.000000
33 78 2749.000000
33 77 968.000000
33 76 911.000000
33 75 1639.000000
33 74 2422.000000
33 73 2169.000000
33 72 995.000000
33 71 2213.000000
33 70 838.000000
33 69 3182.000000
33 68 1060.000000
33 67 741.000000
33 66 1439.000000
33 65 3081.000000
33 64 3033.000000
33 63 1322.000000
33 62 2026.000000
33 61 843.000000
33 60 844.000000
33 59 986.000000
33 58 2217.000000
33 57 1129.000000
33 56 459.000000
33 55 2476.000000
33 54 168.000000
33 53 1503.000000
33 52 2798.000000
33 51 978.000000
33 50 694.000000
33 49 1055.000000
33 48 2222.000000
33 47 816.000000
33 46 1699.000000
33 45 311.000000
33 44 1494.000000
33 43 1200.000000
33 42 471.000000
33 41 2159.000000
33 40 896.000000
33 39 1401.000000
33 38 809.000000
33 37 2787.000000
33 36 1220.000000
33 35 2625.000000
33 34 675.000000
34 99 1437.000000
34 98 2380.000000
34 97 909.000000
34 96 2390.000000
34 95 1606.000000
34 94 2201.000000
34 93 2733.000000
34 92 1240.000000
34 91 1875.000000
34 90 999.000000
34 89 2060.000000
34 88 2162.000000
34 87 2635.000000
34 86 683.000000
34 85 141.000000
34 84 1211.000000
34 83 2047.000000
34 82 532.000000
34 81 2011.000000
34 80 1068.000000
34 79 2332.000000
34 78 2380.000000
34 77 1644.000000
34 76 527.000000
34 75 2286.000000
34 74 2196.000000
34 73 1656.000000
34 72 1440.000000
34 71 1749.000000
34 70 1370.000000
34 69 2863.000000
34 68 1370.000000
34 67 1249.000000
34 66 1440.000000
34 65 2844.000000
34 64 2819.000000
34 63 1667.000000
34 62 1722.000000
34 61 324.000000
34 60 973.000000
34 59 463.000000
34 58 1687.000000
34 57 1096.000000
34 56 493.000000
34 55 2349.000000
34 54 508.000000
34 53 1834.000000
34 52 2477.000000
34 51 1653.000000
34 50 791.000000
34 49 1560.000000
34 48 1923.000000
34 47 1454.000000
34 46 1324.000000
34 45 862.000000
34 44 962.000000
34 43 1671.000000
34 42 884.000000
34 41 2101.000000
34 40 1400.000000
34 39 1733.000000
34 38 1462.000000
34 37 2320.000000
34 36 1890.000000
34 35 2131.000000
35 99 3488.000000
35 98 299.000000
35 97 1261.000000
35 96 1315.000000
35 95 3385.000000
35 94 3569.000000
35 93 813.000000
35 92 1479.000000
35 91 1205.000000
35 90 1162.000000
35 89 702.000000
35 88 1814.000000
35 87 821.000000
35 86 2157.000000
35 85 2139.000000
35 84 2763.000000
35 83 322.000000
35 82 2498.000000
35 81 3324.000000
35 80 2270.000000
35 79 1725.000000
35 78 627.000000
35 77 3446.000000
35 76 1715.000000
35 75 3771.000000
35 74 1115.000000
35 73 475.000000
35 72 2645.000000
35 71 423.000000
35 70 3448.000000
35 69 1090.000000
35 68 2366.000000
35 67 2676.000000
35 66 1755.000000
35 65 1347.000000
35 64 1411.000000
35 63 2527.000000
35 62 898.000000
35 61 1832.000000
35 60 2067.000000
35 59 1681.000000
35 58 461.000000
35 57 1773.000000
35 56 2173.000000
35 55 1485.000000
35 54 2482.000000
35 53 2565.000000
35 52 849.000000
35 51 3472.000000
35 50 2076.000000
35 49 2824.000000
35 48 858.000000
35 47 3429.000000
35 46 977.000000
35 45 2910.000000
35 44 1169.000000
35 43 2809.000000
35 42 2988.000000
35 41 1634.000000
35 40 3492.000000
35 39 2525.000000
35 38 3133.000000
35 37 227.000000
35 36 3576.000000
36 99 962.000000
36 98 3871.000000
36 97 2390.000000
36 96 3105.000000
36 95 307.000000
36 94 602.000000
36 93 3872.000000
36 92 2128.000000
36 91 2690.000000
36 90 2484.000000
36 89 3161.000000
36 88 2489.000000
36 87 3726.000000
36 86 1461.000000
36 85 1775.000000
36 84 814.000000
36 83 3357.000000
36 82 1359.000000
36 81 646.000000
36 80 1311.000000
36 79 2742.000000
36 78 3525.000000
36 77 305.000000
36 76 1980.000000
36 75 496.000000
36 74 3036.000000
36 73 3169.000000
36 72 1012.000000
36 71 3153.000000
36 70 1075.000000
36 69 3856.000000
36 68 1302.000000
36 67 905.000000
36 66 1960.000000
36 65 3643.000000
36 64 3563.000000
36 63 1320.000000
36 62 2797.000000
36 61 1995.000000
36 60 1510.000000
36 59 2114.000000
36 58 3235.000000
36 57 1818.000000
36 56 1526.000000
36 55 2940.000000
36 54 1383.000000
36 53 1432.000000
36 52 3506.000000
36 51 325.000000
36 50 1510.000000
36 49 861.000000
36 48 2958.000000
36 47 720.000000
36 46 2598.000000
36 45 1162.000000
36 44 2568.000000
36 43 974.000000
36 42 1304.000000
36 41 2571.000000
36 40 1147.000000
36 39 1381.000000
36 38 454.000000
36 37 3692.000000
37 99 3652.000000
37 98 313.000000
37 97 1431.000000
37 96 1218.000000
37 95 3515.000000
37 94 3651.000000
37 93 594.000000
37 92 1571.000000
37 91 1200.000000
37 90 1334.000000
37 89 659.000000
37 88 1783.000000
37 87 622.000000
37 86 2299.000000
37 85 2320.000000
37 84 2884.000000
37 83 338.000000
37 82 2664.000000
37 81 3405.000000
37 80 2380.000000
37 79 1664.000000
37 78 471.000000
37 77 3577.000000
37 76 1882.000000
37 75 3861.000000
37 74 1044.000000
37 73 679.000000
37 72 2737.000000
37 71 575.000000
37 70 3616.000000
37 69 884.000000
37 68 2451.000000
37 67 2787.000000
37 66 1817.000000
37 65 1173.000000
37 64 1248.000000
37 63 2590.000000
37 62 938.000000
37 61 2014.000000
37 60 2182.000000
37 59 1864.000000
37 58 679.000000
37 57 1876.000000
37 56 2330.000000
37 55 1406.000000
37 54 2649.000000
37 53 2613.000000
37 52 692.000000
37 51 3604.000000
37 50 2208.000000
37 49 2915.000000
37 48 849.000000
37 47 3581.000000
37 46 1104.000000
37 45 3077.000000
37 44 1360.000000
37 43 2888.000000
37 42 3164.000000
37 41 1603.000000
37 40 3664.000000
37 39 2581.000000
37 38 3255.000000
38 99 874.000000
38 98 3426.000000
38 97 1937.000000
38 96 2736.000000
38 95 283.000000
38 94 794.000000
38 93 3460.000000
38 92 1702.000000
38 91 2294.000000
38 90 2031.000000
38 89 2744.000000
38 88 2162.000000
38 87 3319.000000
38 86 1006.000000
38 85 1340.000000
38 84 371.000000
38 83 2922.000000
38 82 939.000000
38 81 680.000000
38 80 883.000000
38 79 2411.000000
38 78 3109.000000
38 77 351.000000
38 76 1526.000000
38 75 829.000000
38 74 2647.000000
38 73 2719.000000
38 72 669.000000
38 71 2709.000000
38 70 955.000000
38 69 3463.000000
38 68 932.000000
38 67 488.000000
38 66 1567.000000
38 65 3273.000000
38 64 3200.000000
38 63 1031.000000
38 62 2375.000000
38 61 1546.000000
38 60 1074.000000
38 59 1663.000000
38 58 2784.000000
38 57 1391.000000
38 56 1075.000000
38 55 2585.000000
38 54 962.000000
38 53 1179.000000
38 52 3103.000000
38 51 388.000000
38 50 1060.000000
38 49 573.000000
38 48 2544.000000
38 47 634.000000
38 46 2156.000000
38 45 831.000000
38 44 2114.000000
38 43 727.000000
38 42 1009.000000
38 41 2222.000000
38 40 1037.000000
38 39 1104.000000
39 99 1931.000000
39 98 2823.000000
39 97 1626.000000
39 96 1772.000000
39 95 1375.000000
39 94 1114.000000
39 93 2629.000000
39 92 1080.000000
39 91 1434.000000
39 90 1686.000000
39 89 1965.000000
39 88 1117.000000
39 87 2473.000000
39 86 1050.000000
39 85 1594.000000
39 84 864.000000
39 83 2246.000000
39 82 1431.000000
39 81 878.000000
39 80 667.000000
39 79 1370.000000
39 78 2311.000000
39 77 1441.000000
39 76 1430.000000
39 75 1357.000000
39 74 1745.000000
39 73 2223.000000
39 72 454.000000
39 71 2130.000000
39 70 1984.000000
39 69 2560.000000
39 68 364.000000
39 67 714.000000
39 66 770.000000
39 65 2303.000000
39 64 2215.000000
39 63 80.000000
39 62 1643.000000
39 61 1594.000000
39 60 780.000000
39 59 1620.000000
39 58 2306.000000
39 57 867.000000
39 56 1245.000000
39 55 1589.000000
39 54 1443.000000
39 53 103.000000
39 52 2244.000000
39 51 1480.000000
39 50 948.000000
39 49 535.000000
39 48 1757.000000
39 47 1716.000000
39 46 1612.000000
39 45 1636.000000
39 44 1840.000000
39 43 406.000000
39 42 1832.000000
39 41 1219.000000
39 40 2065.000000
40 99 185.000000
40 98 3757.000000
40 97 2233.000000
40 96 3454.000000
40 95 883.000000
40 94 1728.000000
40 93 4005.000000
40 92 2288.000000
40 91 2955.000000
40 90 2331.000000
40 89 3292.000000
40 88 2994.000000
40 87 3885.000000
40 86 1443.000000
40 85 1360.000000
40 84 1202.000000
40 83 3363.000000
40 82 1003.000000
40 81 1688.000000
40 80 1596.000000
40 79 3226.000000
40 78 3643.000000
40 77 854.000000
40 76 1781.000000
40 75 1642.000000
40 74 3312.000000
40 73 3026.000000
40 72 1611.000000
40 71 3088.000000
40 70 82.000000
40 69 4078.000000
40 68 1794.000000
40 67 1354.000000
40 66 2295.000000
40 65 3969.000000
40 64 3917.000000
40 63 1986.000000
40 62 2922.000000
40 61 1666.000000
40 60 1701.000000
40 59 1817.000000
40 58 3066.000000
40 57 2008.000000
40 56 1353.000000
40 55 3344.000000
40 54 1017.000000
40 53 2155.000000
40 52 3694.000000
40 51 826.000000
40 50 1575.000000
40 49 1575.000000
40 48 3118.000000
40 47 432.000000
40 46 2589.000000
40 45 590.000000
40 44 2335.000000
40 43 1736.000000
40 42 515.000000
40 41 3011.000000
41 99 2921.000000
41 98 1899.000000
41 97 1419.000000
41 96 558.000000
41 95 2506.000000
41 94 2329.000000
41 93 1480.000000
41 92 864.000000
41 91 447.000000
41 90 1403.000000
41 89 944.000000
41 88 180.000000
41 87 1319.000000
41 86 1614.000000
41 85 2006.000000
41 84 1889.000000
41 83 1313.000000
41 82 2106.000000
41 81 2097.000000
41 80 1419.000000
41 79 231.000000
41 78 1217.000000
41 77 2574.000000
41 76 1588.000000
41 75 2576.000000
41 74 591.000000
41 73 1537.000000
41 72 1564.000000
41 71 1356.000000
41 70 2939.000000
41 69 1362.000000
41 68 1290.000000
41 67 1744.000000
41 66 720.000000
41 65 1083.000000
41 64 996.000000
41 63 1265.000000
41 62 799.000000
41 61 1809.000000
41 60 1316.000000
41 59 1730.000000
41 58 1624.000000
41 57 1044.000000
41 56 1772.000000
41 55 370.000000
41 54 2105.000000
41 53 1204.000000
41 52 1092.000000
41 51 2611.000000
41 50 1469.000000
41 49 1710.000000
41 48 777.000000
41 47 2754.000000
41 46 1090.000000
41 45 2463.000000
41 44 1578.000000
41 43 1614.000000
41 42 2629.000000
42 99 571.000000
42 98 3249.000000
42 97 1733.000000
42 96 3033.000000
42 95 997.000000
42 94 1797.000000
42 93 3527.000000
42 92 1851.000000
42 91 2524.000000
42 90 1830.000000
42 89 2822.000000
42 88 2636.000000
42 87 3413.000000
42 86 1018.000000
42 85 850.000000
42 84 1002.000000
42 83 2870.000000
42 82 535.000000
42 81 1687.000000
42 80 1257.000000
42 79 2853.000000
42 78 3167.000000
42 77 1003.000000
42 76 1286.000000
42 75 1784.000000
42 74 2875.000000
42 73 2518.000000
42 72 1399.000000
42 71 2589.000000
42 70 489.000000
42 69 3617.000000
42 68 1509.000000
42 67 1133.000000
42 66 1909.000000
42 65 3534.000000
42 64 3490.000000
42 63 1752.000000
42 62 2458.000000
42 61 1157.000000
42 60 1315.000000
42 59 1308.000000
42 58 2557.000000
42 57 1594.000000
42 56 891.000000
42 55 2942.000000
42 54 543.000000
42 53 1932.000000
42 52 3231.000000
42 51 994.000000
42 50 1161.000000
42 49 1421.000000
42 48 2657.000000
42 47 666.000000
42 46 2105.000000
42 45 198.000000
42 44 1826.000000
42 43 1578.000000
43 99 1587.000000
43 98 3109.000000
43 97 1781.000000
43 96 2160.000000
43 95 984.000000
43 94 762.000000
43 93 2985.000000
43 92 1331.000000
43 91 1787.000000
43 90 1856.000000
43 89 2299.000000
43 88 1520.000000
43 87 2832.000000
43 86 1011.000000
43 85 1531.000000
43 84 575.000000
43 83 2549.000000
43 82 1268.000000
43 81 517.000000
43 80 657.000000
43 79 1773.000000
43 78 2654.000000
43 77 1049.000000
43 76 1489.000000
43 75 985.000000
43 74 2116.000000
43 73 2463.000000
43 72 232.000000
43 71 2398.000000
43 70 1653.000000
43 69 2936.000000
43 68 447.000000
43 67 458.000000
43 66 1077.000000
43 65 2695.000000
43 64 2609.000000
43 63 349.000000
43 62 1956.000000
43 61 1608.000000
43 60 845.000000
43 59 1671.000000
43 58 2542.000000
43 57 1057.000000
43 56 1182.000000
43 55 1984.000000
43 54 1285.000000
43 53 463.000000
43 52 2606.000000
43 51 1089.000000
43 50 960.000000
43 49 161.000000
43 48 2091.000000
43 47 1357.000000
43 46 1855.000000
43 45 1380.000000
43 44 1989.000000
44 99 2344.000000
44 98 1423.000000
44 97 214.000000
44 96 1667.000000
44 95 2336.000000
44 94 2696.000000
44 93 1807.000000
44 92 837.000000
44 91 1204.000000
44 90 179.000000
44 89 1191.000000
44 88 1706.000000
44 87 1727.000000
44 86 1107.000000
44 85 976.000000
44 84 1766.000000
44 83 1104.000000
44 82 1358.000000
44 81 2463.000000
44 80 1348.000000
44 79 1785.000000
44 78 1468.000000
44 77 2389.000000
44 76 595.000000
44 75 2854.000000
44 74 1440.000000
44 73 694.000000
44 72 1777.000000
44 71 796.000000
44 70 2295.000000
44 69 1975.000000
44 68 1556.000000
44 67 1718.000000
44 66 1180.000000
44 65 2030.000000
44 64 2030.000000
44 63 1808.000000
44 62 928.000000
44 61 669.000000
44 60 1147.000000
44 59 518.000000
44 58 731.000000
44 57 973.000000
44 56 1066.000000
44 55 1698.000000
44 54 1340.000000
44 53 1918.000000
44 52 1600.000000
44 51 2410.000000
44 50 1077.000000
44 49 1949.000000
44 48 1110.000000
44 47 2310.000000
44 46 515.000000
44 45 1761.000000
45 99 583.000000
45 98 3179.000000
45 97 1649.000000
45 96 2883.000000
45 95 854.000000
45 94 1625.000000
45 93 3415.000000
45 92 1709.000000
45 91 2379.000000
45 90 1748.000000
45 89 2703.000000
45 88 2462.000000
45 87 3296.000000
45 86 865.000000
45 85 797.000000
45 84 804.000000
45 83 2774.000000
45 82 414.000000
45 81 1503.000000
45 80 1074.000000
45 79 2684.000000
45 78 3054.000000
45 77 871.000000
45 76 1195.000000
45 75 1629.000000
45 74 2733.000000
45 73 2446.000000
45 72 1201.000000
45 71 2502.000000
45 70 538.000000
45 69 3492.000000
45 68 1317.000000
45 67 935.000000
45 66 1743.000000
45 65 3393.000000
45 64 3344.000000
45 63 1556.000000
45 62 2334.000000
45 61 1095.000000
45 60 1146.000000
45 59 1244.000000
45 58 2491.000000
45 57 1438.000000
45 56 763.000000
45 55 2784.000000
45 54 428.000000
45 53 1735.000000
45 52 3107.000000
45 51 868.000000
45 50 1004.000000
45 49 1223.000000
45 48 2531.000000
45 47 598.000000
45 46 1999.000000
46 99 2564.000000
46 98 1274.000000
46 97 429.000000
46 96 1154.000000
46 95 2412.000000
46 94 2608.000000
46 93 1422.000000
46 92 533.000000
46 91 693.000000
46 90 365.000000
46 89 735.000000
46 88 1234.000000
46 87 1315.000000
46 86 1195.000000
46 85 1289.000000
46 84 1786.000000
46 83 782.000000
46 82 1585.000000
46 81 2364.000000
46 80 1293.000000
46 79 1286.000000
46 78 1064.000000
46 77 2473.000000
46 76 824.000000
46 75 2802.000000
46 74 930.000000
46 73 611.000000
46 72 1678.000000
46 71 554.000000
46 70 2536.000000
46 69 1539.000000
46 68 1408.000000
46 67 1698.000000
46 66 859.000000
46 65 1543.000000
46 64 1533.000000
46 63 1601.000000
46 62 420.000000
46 61 999.000000
46 60 1089.000000
46 59 865.000000
46 58 693.000000
46 57 803.000000
46 56 1239.000000
46 55 1184.000000
46 54 1572.000000
46 53 1669.000000
46 52 1152.000000
46 51 2500.000000
46 50 1104.000000
46 49 1858.000000
46 48 614.000000
46 47 2481.000000
47 99 251.000000
47 98 3708.000000
47 97 2174.000000
47 96 3233.000000
47 95 451.000000
47 94 1296.000000
47 93 3866.000000
47 92 2109.000000
47 91 2755.000000
47 90 2273.000000
47 89 3145.000000
47 88 2716.000000
47 87 3735.000000
47 86 1288.000000
47 85 1375.000000
47 84 875.000000
47 83 3263.000000
47 82 957.000000
47 81 1261.000000
47 80 1341.000000
47 79 2958.000000
47 78 3506.000000
47 77 422.000000
47 76 1722.000000
47 75 1216.000000
47 74 3114.000000
47 73 2978.000000
47 72 1264.000000
47 71 3011.000000
47 70 356.000000
47 69 3908.000000
47 68 1486.000000
47 67 1027.000000
47 66 2056.000000
47 65 3762.000000
47 64 3700.000000
47 63 1638.000000
47 62 2771.000000
47 61 1658.000000
47 60 1485.000000
47 59 1802.000000
47 58 3030.000000
47 57 1808.000000
47 56 1256.000000
47 55 3103.000000
47 54 977.000000
47 53 1798.000000
47 52 3532.000000
47 51 395.000000
47 50 1398.000000
47 49 1199.000000
47 48 2958.000000
48 99 3071.000000
48 98 1130.000000
48 97 1043.000000
48 96 585.000000
48 95 2818.000000
48 94 2851.000000
48 93 916.000000
48 92 850.000000
48 91 352.000000
48 90 977.000000
48 89 208.000000
48 88 956.000000
48 87 778.000000
48 86 1680.000000
48 85 1875.000000
48 84 2176.000000
48 83 539.000000
48 82 2124.000000
48 81 2607.000000
48 80 1661.000000
48 79 888.000000
48 78 567.000000
48 77 2884.000000
48 76 1406.000000
48 75 3075.000000
48 74 349.000000
48 73 811.000000
48 72 1965.000000
48 71 607.000000
48 70 3058.000000
48 69 961.000000
48 68 1673.000000
48 67 2059.000000
48 66 1015.000000
48 65 928.000000
48 64 921.000000
48 63 1774.000000
48 62 201.000000
48 61 1599.000000
48 60 1483.000000
48 59 1471.000000
48 58 892.000000
48 57 1159.000000
48 56 1769.000000
48 55 687.000000
48 54 2114.000000
48 53 1781.000000
48 52 576.000000
48 51 2916.000000
48 50 1560.000000
48 49 2138.000000
49 99 1426.000000
49 98 3124.000000
49 97 1746.000000
49 96 2247.000000
49 95 839.000000
49 94 753.000000
49 93 3043.000000
49 92 1345.000000
49 91 1849.000000
49 90 1826.000000
49 89 2345.000000
49 88 1628.000000
49 87 2893.000000
49 86 921.000000
49 85 1421.000000
49 84 420.000000
49 83 2577.000000
49 82 1132.000000
49 81 514.000000
49 80 601.000000
49 79 1881.000000
49 78 2705.000000
49 77 905.000000
49 76 1422.000000
49 75 947.000000
49 74 2187.000000
49 73 2459.000000
49 72 179.000000
49 71 2408.000000
49 70 1492.000000
49 69 3009.000000
49 68 466.000000
49 67 319.000000
49 66 1125.000000
49 65 2784.000000
49 64 2703.000000
49 63 466.000000
49 62 1992.000000
49 61 1523.000000
49 60 803.000000
49 59 1598.000000
49 58 2535.000000
49 57 1054.000000
49 56 1079.000000
49 55 2079.000000
49 54 1150.000000
49 53 606.000000
49 52 2669.000000
49 51 945.000000
49 50 891.000000
50 99 1515.000000
50 98 2368.000000
50 97 886.000000
50 96 1880.000000
50 95 1309.000000
50 94 1624.000000
50 93 2467.000000
50 92 716.000000
50 91 1380.000000
50 90 976.000000
50 89 1747.000000
50 88 1486.000000
50 87 2337.000000
50 86 146.000000
50 85 657.000000
50 84 697.000000
50 83 1881.000000
50 82 638.000000
50 81 1397.000000
50 80 305.000000
50 79 1695.000000
50 78 2108.000000
50 77 1369.000000
50 76 531.000000
50 75 1777.000000
50 74 1736.000000
50 73 1658.000000
50 72 731.000000
50 71 1653.000000
50 70 1510.000000
50 69 2515.000000
50 68 591.000000
50 67 641.000000
50 66 751.000000
50 65 2393.000000
50 64 2342.000000
50 63 887.000000
50 62 1373.000000
50 61 655.000000
50 60 186.000000
50 59 711.000000
50 58 1724.000000
50 57 434.000000
50 56 330.000000
50 55 1781.000000
50 54 638.000000
50 53 1048.000000
50 52 2136.000000
50 51 1396.000000
51 99 642.000000
51 98 3762.000000
51 97 2248.000000
51 96 3123.000000
51 95 106.000000
51 94 905.000000
51 93 3832.000000
51 92 2068.000000
51 91 2675.000000
51 90 2344.000000
51 89 3113.000000
51 88 2550.000000
51 87 3693.000000
51 86 1318.000000
51 85 1550.000000
51 84 741.000000
51 83 3275.000000
51 82 1123.000000
51 81 894.000000
51 80 1255.000000
51 79 2799.000000
51 78 3478.000000
51 77 40.000000
51 76 1814.000000
51 75 821.000000
51 74 3030.000000
51 73 3044.000000
51 72 1056.000000
51 71 3049.000000
51 70 752.000000
51 69 3843.000000
51 68 1321.000000
51 67 872.000000
51 66 1951.000000
51 65 3659.000000
51 64 3587.000000
51 63 1410.000000
51 62 2742.000000
51 61 1798.000000
51 60 1435.000000
51 59 1928.000000
51 58 3104.000000
51 57 1757.000000
51 56 1346.000000
51 55 2974.000000
51 54 1146.000000
51 53 1550.000000
51 52 3479.000000
52 99 3648.000000
52 98 1000.000000
52 97 1576.000000
52 96 589.000000
52 95 3380.000000
52 94 3356.000000
52 93 389.000000
52 92 1422.000000
52 91 819.000000
52 90 1497.000000
52 89 417.000000
52 88 1259.000000
52 87 229.000000
52 86 2257.000000
52 85 2437.000000
52 84 2737.000000
52 83 606.000000
52 82 2700.000000
52 81 3115.000000
52 80 2224.000000
52 79 1081.000000
52 78 223.000000
52 77 3446.000000
52 76 1969.000000
52 75 3590.000000
52 74 506.000000
52 73 1091.000000
52 72 2501.000000
52 71 885.000000
52 70 3635.000000
52 69 387.000000
52 68 2208.000000
52 67 2615.000000
52 66 1547.000000
52 65 502.000000
52 64 562.000000
52 63 2272.000000
52 62 773.000000
52 61 2152.000000
52 60 2053.000000
52 59 2017.000000
52 58 1143.000000
52 57 1728.000000
52 56 2345.000000
52 55 801.000000
52 54 2689.000000
52 53 2251.000000
53 99 2018.000000
53 98 2862.000000
53 97 1703.000000
53 96 1761.000000
53 95 1445.000000
53 94 1124.000000
53 93 2638.000000
53 92 1140.000000
53 91 1449.000000
53 90 1759.000000
53 89 1987.000000
53 88 1090.000000
53 87 2480.000000
53 86 1152.000000
53 85 1696.000000
53 84 956.000000
53 83 2280.000000
53 82 1535.000000
53 81 897.000000
53 80 770.000000
53 79 1341.000000
53 78 2327.000000
53 77 1510.000000
53 76 1522.000000
53 75 1374.000000
53 74 1748.000000
53 73 2277.000000
53 72 545.000000
53 71 2177.000000
53 70 2074.000000
53 69 2557.000000
53 68 467.000000
53 67 808.000000
53 66 816.000000
53 65 2287.000000
53 64 2195.000000
53 63 180.000000
53 62 1676.000000
53 61 1690.000000
53 60 877.000000
53 59 1713.000000
53 58 2362.000000
53 57 945.000000
53 56 1348.000000
53 55 1571.000000
53 54 1546.000000
54 99 1007.000000
54 98 2753.000000
54 97 1221.000000
54 96 2493.000000
54 95 1097.000000
54 94 1725.000000
54 93 2991.000000
54 92 1310.000000
54 91 1982.000000
54 90 1320.000000
54 89 2282.000000
54 88 2124.000000
54 87 2874.000000
54 86 491.000000
54 85 405.000000
54 84 755.000000
54 83 2346.000000
54 82 23.000000
54 81 1552.000000
54 80 799.000000
54 79 2332.000000
54 78 2630.000000
54 77 1136.000000
54 76 767.000000
54 75 1791.000000
54 74 2332.000000
54 73 2021.000000
54 72 1067.000000
54 71 2073.000000
54 70 967.000000
54 69 3075.000000
54 68 1088.000000
54 67 831.000000
54 66 1389.000000
54 65 2992.000000
54 64 2948.000000
54 63 1367.000000
54 62 1916.000000
54 61 681.000000
54 60 807.000000
54 59 826.000000
54 58 2067.000000
54 57 1063.000000
54 56 347.000000
54 55 2408.000000
55 99 3262.000000
55 98 1716.000000
55 97 1575.000000
55 96 216.000000
55 95 2869.000000
55 94 2696.000000
55 93 1176.000000
55 92 1115.000000
55 91 496.000000
55 90 1537.000000
55 89 785.000000
55 88 494.000000
55 87 1017.000000
55 86 1924.000000
55 85 2267.000000
55 84 2246.000000
55 83 1167.000000
55 82 2412.000000
55 81 2466.000000
55 80 1763.000000
55 79 280.000000
55 78 969.000000
55 77 2937.000000
55 76 1823.000000
55 75 2944.000000
55 74 370.000000
55 73 1498.000000
55 72 1931.000000
55 71 1293.000000
55 70 3274.000000
55 69 1018.000000
55 68 1653.000000
55 67 2104.000000
55 66 1051.000000
55 65 715.000000
55 64 626.000000
55 63 1635.000000
55 62 800.000000
55 61 2040.000000
55 60 1643.000000
55 59 1942.000000
55 58 1579.000000
55 57 1348.000000
55 56 2066.000000
56 99 1324.000000
56 98 2452.000000
56 97 918.000000
56 96 2147.000000
56 95 1276.000000
56 94 1756.000000
56 93 2652.000000
56 92 963.000000
56 91 1635.000000
56 90 1017.000000
56 89 1939.000000
56 88 1801.000000
56 87 2532.000000
56 86 197.000000
56 85 352.000000
56 84 766.000000
56 83 2019.000000
56 82 356.000000
56 81 1551.000000
56 80 578.000000
56 79 2001.000000
56 78 2290.000000
56 77 1327.000000
56 76 471.000000
56 75 1869.000000
56 74 1984.000000
56 73 1723.000000
56 72 950.000000
56 71 1757.000000
56 70 1297.000000
56 69 2730.000000
56 68 881.000000
56 67 777.000000
56 66 1064.000000
56 65 2644.000000
56 64 2601.000000
56 63 1177.000000
56 62 1572.000000
56 61 473.000000
56 60 515.000000
56 59 588.000000
56 58 1776.000000
56 57 727.000000
57 99 1940.000000
57 98 2072.000000
57 97 758.000000
57 96 1446.000000
57 95 1661.000000
57 94 1805.000000
57 93 2075.000000
57 92 311.000000
57 91 950.000000
57 90 819.000000
57 89 1355.000000
57 88 1078.000000
57 87 1937.000000
57 86 576.000000
57 85 985.000000
57 84 1020.000000
57 83 1539.000000
57 82 1065.000000
57 81 1562.000000
57 80 508.000000
57 79 1273.000000
57 78 1720.000000
57 77 1726.000000
57 76 643.000000
57 75 1999.000000
57 74 1308.000000
57 73 1407.000000
57 72 875.000000
57 71 1354.000000
57 70 1941.000000
57 69 2100.000000
57 68 610.000000
57 67 913.000000
57 66 344.000000
57 65 1963.000000
57 64 1909.000000
57 63 837.000000
57 62 984.000000
57 61 851.000000
57 60 325.000000
57 59 826.000000
57 58 1484.000000
58 99 3073.000000
58 98 692.000000
58 97 858.000000
58 96 1458.000000
58 95 3023.000000
58 94 3288.000000
58 93 1221.000000
58 92 1226.000000
58 91 1178.000000
58 90 760.000000
58 89 834.000000
58 88 1794.000000
58 87 1189.000000
58 86 1786.000000
58 85 1707.000000
58 84 2421.000000
58 83 539.000000
58 82 2084.000000
58 81 3046.000000
58 80 1952.000000
58 79 1769.000000
58 78 948.000000
58 77 3081.000000
58 76 1307.000000
58 75 3472.000000
58 74 1227.000000
58 73 89.000000
58 72 2356.000000
58 71 287.000000
58 70 3025.000000
58 69 1460.000000
58 68 2094.000000
58 67 2350.000000
58 66 1548.000000
58 65 1638.000000
58 64 1678.000000
58 63 2295.000000
58 62 825.000000
58 61 1400.000000
58 60 1745.000000
58 59 1249.000000
59 99 1827.000000
59 98 1941.000000
59 97 446.000000
59 96 1963.000000
59 95 1862.000000
59 94 2315.000000
59 93 2269.000000
59 92 871.000000
59 91 1454.000000
59 90 536.000000
59 89 1600.000000
59 88 1816.000000
59 87 2173.000000
59 86 685.000000
59 85 458.000000
59 84 1340.000000
59 83 1585.000000
59 82 846.000000
59 81 2096.000000
59 80 1015.000000
59 79 1958.000000
59 78 1917.000000
59 77 1911.000000
59 76 191.000000
59 75 2445.000000
59 74 1759.000000
59 73 1210.000000
59 72 1442.000000
59 71 1290.000000
59 70 1776.000000
59 69 2403.000000
59 68 1282.000000
59 67 1324.000000
59 66 1140.000000
59 65 2397.000000
59 64 2378.000000
59 63 1569.000000
59 62 1271.000000
59 61 151.000000
59 60 847.000000
60 99 1625.000000
60 98 2363.000000
60 97 942.000000
60 96 1756.000000
60 95 1340.000000
60 94 1554.000000
60 93 2399.000000
60 92 634.000000
60 91 1270.000000
60 90 1023.000000
60 89 1679.000000
60 88 1321.000000
60 87 2262.000000
60 86 324.000000
60 85 841.000000
60 84 702.000000
60 83 1848.000000
60 82 805.000000
60 81 1317.000000
60 80 207.000000
60 79 1538.000000
60 78 2043.000000
60 77 1405.000000
60 76 658.000000
60 75 1727.000000
60 74 1628.000000
60 73 1673.000000
60 72 630.000000
60 71 1644.000000
60 70 1632.000000
60 69 2424.000000
60 68 435.000000
60 67 609.000000
60 66 597.000000
60 65 2279.000000
60 64 2221.000000
60 63 724.000000
60 62 1306.000000
60 61 813.000000
61 99 1679.000000
61 98 2092.000000
61 97 590.000000
61 96 2074.000000
61 95 1735.000000
61 94 2223.000000
61 93 2412.000000
61 92 945.000000
61 91 1560.000000
61 90 683.000000
61 89 1735.000000
61 88 1884.000000
61 87 2312.000000
61 86 601.000000
61 85 307.000000
61 84 1238.000000
61 83 1732.000000
61 82 701.000000
61 81 2011.000000
61 80 960.000000
61 79 2039.000000
61 78 2058.000000
61 77 1782.000000
61 76 221.000000
61 75 2342.000000
61 74 1876.000000
61 73 1361.000000
61 72 1376.000000
61 71 1440.000000
61 70 1626.000000
61 69 2539.000000
61 68 1243.000000
61 67 1236.000000
61 66 1183.000000
61 65 2521.000000
61 64 2498.000000
61 63 1537.000000
61 62 1398.000000
62 99 2879.000000
62 98 1189.000000
62 97 847.000000
62 96 741.000000
62 95 2646.000000
62 94 2719.000000
62 93 1094.000000
62 92 673.000000
62 91 353.000000
62 90 786.000000
62 89 373.000000
62 88 970.000000
62 87 965.000000
62 86 1489.000000
62 85 1673.000000
62 84 2004.000000
62 83 603.000000
62 82 1927.000000
62 81 2474.000000
62 80 1491.000000
62 79 954.000000
62 78 737.000000
62 77 2711.000000
62 76 1204.000000
62 75 2935.000000
62 74 512.000000
62 73 737.000000
62 72 1816.000000
62 71 562.000000
62 70 2864.000000
62 69 1159.000000
62 68 1526.000000
62 67 1893.000000
62 66 881.000000
62 65 1126.000000
62 64 1113.000000
62 63 1652.000000
63 99 1852.000000
63 98 2825.000000
63 97 1594.000000
63 96 1814.000000
63 95 1304.000000
63 94 1083.000000
63 93 2655.000000
63 92 1068.000000
63 91 1458.000000
63 90 1657.000000
63 89 1982.000000
63 88 1171.000000
63 87 2501.000000
63 86 984.000000
63 85 1528.000000
63 84 784.000000
63 83 2253.000000
63 82 1355.000000
63 81 843.000000
63 80 599.000000
63 79 1424.000000
63 78 2332.000000
63 77 1370.000000
63 76 1379.000000
63 75 1320.000000
63 74 1777.000000
63 73 2212.000000
63 72 375.000000
63 71 2127.000000
63 70 1905.000000
63 69 2595.000000
63 68 297.000000
63 67 634.000000
63 66 773.000000
63 65 2347.000000
63 64 2261.000000
64 99 3846.000000
64 98 1550.000000
64 97 1961.000000
64 96 466.000000
64 95 3484.000000
64 94 3320.000000
64 93 783.000000
64 92 1638.000000
64 91 966.000000
64 90 1898.000000
64 89 865.000000
64 88 1109.000000
64 87 662.000000
64 86 2479.000000
64 85 2757.000000
64 84 2854.000000
64 83 1154.000000
64 82 2955.000000
64 81 3091.000000
64 80 2359.000000
64 79 866.000000
64 78 784.000000
64 77 3552.000000
64 76 2293.000000
64 75 3569.000000
64 74 623.000000
64 73 1617.000000
64 72 2552.000000
64 71 1404.000000
64 70 3850.000000
64 69 512.000000
64 68 2270.000000
64 67 2715.000000
64 66 1645.000000
64 65 114.000000
65 99 3903.000000
65 98 1469.000000
65 97 1972.000000
65 96 537.000000
65 95 3556.000000
65 94 3412.000000
65 93 682.000000
65 92 1684.000000
65 91 1013.000000
65 90 1905.000000
65 89 847.000000
65 88 1205.000000
65 87 570.000000
65 86 2528.000000
65 85 2787.000000
65 84 2923.000000
65 83 1106.000000
65 82 2999.000000
65 81 3181.000000
65 80 2423.000000
65 79 967.000000
65 78 720.000000
65 77 3624.000000
65 76 2320.000000
65 75 3659.000000
65 74 659.000000
65 73 1582.000000
65 72 2630.000000
65 71 1371.000000
65 70 3904.000000
65 69 400.000000
65 68 2346.000000
65 67 2786.000000
65 66 1711.000000
66 99 2211.000000
66 98 2053.000000
66 97 974.000000
66 96 1178.000000
66 95 1849.000000
66 94 1839.000000
66 93 1918.000000
66 92 347.000000
66 91 730.000000
66 90 1007.000000
66 89 1222.000000
66 88 737.000000
66 87 1769.000000
66 86 897.000000
66 85 1329.000000
66 84 1212.000000
66 83 1480.000000
66 82 1390.000000
66 81 1594.000000
66 80 714.000000
66 79 943.000000
66 78 1580.000000
66 77 1916.000000
66 76 967.000000
66 75 2060.000000
66 74 1080.000000
66 73 1463.000000
66 72 954.000000
66 71 1361.000000
66 70 2224.000000
66 69 1898.000000
66 68 661.000000
66 67 1079.000000
67 99 1227.000000
67 98 2972.000000
67 97 1525.000000
67 96 2250.000000
67 95 770.000000
67 94 991.000000
67 93 2975.000000
67 92 1223.000000
67 91 1806.000000
67 90 1613.000000
67 89 2261.000000
67 88 1694.000000
67 87 2832.000000
67 86 638.000000
67 85 1110.000000
67 84 153.000000
67 83 2452.000000
67 82 813.000000
67 81 775.000000
67 80 406.000000
67 79 1940.000000
67 78 2625.000000
67 77 837.000000
67 76 1159.000000
67 75 1135.000000
67 74 2158.000000
67 73 2280.000000
67 72 266.000000
67 71 2253.000000
67 70 1273.000000
67 69 2974.000000
67 68 460.000000
68 99 1678.000000
68 98 2665.000000
68 97 1344.000000
68 96 1808.000000
68 95 1216.000000
68 94 1203.000000
68 93 2580.000000
68 92 886.000000
68 91 1390.000000
68 90 1416.000000
68 89 1879.000000
68 88 1234.000000
68 87 2431.000000
68 86 687.000000
68 85 1231.000000
68 84 611.000000
68 83 2113.000000
68 82 1078.000000
68 81 958.000000
68 80 303.000000
68 79 1481.000000
68 78 2240.000000
68 77 1284.000000
68 76 1093.000000
68 75 1410.000000
68 74 1734.000000
68 73 2016.000000
68 72 292.000000
68 71 1953.000000
68 70 1715.000000
68 69 2555.000000
69 99 4029.000000
69 98 1150.000000
69 97 1960.000000
69 96 807.000000
69 95 3742.000000
69 94 3675.000000
69 93 313.000000
69 92 1799.000000
69 91 1168.000000
69 90 1879.000000
69 89 803.000000
69 88 1509.000000
69 87 272.000000
69 86 2638.000000
69 85 2825.000000
69 84 3101.000000
69 83 924.000000
69 82 3085.000000
69 81 3438.000000
69 80 2589.000000
69 79 1293.000000
69 78 518.000000
69 77 3809.000000
69 76 2356.000000
69 75 3916.000000
69 74 821.000000
69 73 1421.000000
69 72 2846.000000
69 71 1229.000000
69 70 4018.000000
70 99 121.000000
70 98 3715.000000
70 97 2187.000000
70 96 3386.000000
70 95 806.000000
70 94 1652.000000
70 93 3949.000000
70 92 2225.000000
70 91 2890.000000
70 90 2286.000000
70 89 3234.000000
70 88 2920.000000
70 87 3827.000000
70 86 1380.000000
70 85 1323.000000
70 84 1121.000000
70 83 3312.000000
70 82 952.000000
70 81 1608.000000
70 80 1522.000000
70 79 3153.000000
70 78 3587.000000
70 77 779.000000
70 76 1733.000000
70 75 1571.000000
70 74 3247.000000
70 73 2983.000000
70 72 1530.000000
70 71 3041.000000
71 99 3078.000000
71 98 719.000000
71 97 856.000000
71 96 1170.000000
71 95 2962.000000
71 94 3155.000000
71 93 1024.000000
71 92 1067.000000
71 91 909.000000
71 90 758.000000
71 89 549.000000
71 88 1529.000000
71 87 965.000000
71 86 1735.000000
71 85 1746.000000
71 84 2340.000000
71 83 314.000000
71 82 2089.000000
71 81 2911.000000
71 80 1848.000000
71 79 1490.000000
71 78 710.000000
71 77 3022.000000
71 76 1307.000000
71 75 3353.000000
71 74 939.000000
71 73 214.000000
71 72 2228.000000
72 99 1477.000000
72 98 2944.000000
72 97 1572.000000
72 96 2093.000000
72 95 949.000000
72 94 932.000000
72 93 2873.000000
72 92 1166.000000
72 91 1682.000000
72 90 1651.000000
72 89 2171.000000
72 88 1495.000000
72 87 2724.000000
72 86 778.000000
72 85 1299.000000
72 84 411.000000
72 83 2398.000000
72 82 1051.000000
72 81 691.000000
72 80 432.000000
72 79 1746.000000
72 78 2532.000000
72 77 1017.000000
72 76 1262.000000
72 75 1126.000000
72 74 2024.000000
72 73 2280.000000
73 99 3028.000000
73 98 732.000000
73 97 804.000000
73 96 1382.000000
73 95 2961.000000
73 94 3212.000000
73 93 1195.000000
73 92 1144.000000
73 91 1090.000000
73 90 705.000000
73 89 764.000000
73 88 1706.000000
73 87 1153.000000
73 86 1725.000000
73 85 1669.000000
73 84 2354.000000
73 83 497.000000
73 82 2038.000000
73 81 2969.000000
73 80 1880.000000
73 79 1684.000000
73 78 905.000000
73 77 3020.000000
73 76 1257.000000
73 75 3399.000000
73 74 1149.000000
74 99 3249.000000
74 98 1351.000000
74 97 1351.000000
74 96 236.000000
74 95 2928.000000
74 94 2859.000000
74 93 895.000000
74 92 1024.000000
74 91 358.000000
74 90 1296.000000
74 89 416.000000
74 88 764.000000
74 87 735.000000
74 86 1869.000000
74 85 2134.000000
74 84 2289.000000
74 83 797.000000
74 82 2339.000000
74 81 2620.000000
74 80 1782.000000
74 79 620.000000
74 78 629.000000
74 77 2996.000000
74 76 1670.000000
74 75 3097.000000
75 99 1457.000000
75 98 4070.000000
75 97 2660.000000
75 96 3130.000000
75 95 791.000000
75 94 259.000000
75 93 3970.000000
75 92 2293.000000
75 91 2772.000000
75 90 2746.000000
75 89 3283.000000
75 88 2464.000000
75 87 3817.000000
75 86 1763.000000
75 85 2160.000000
75 84 1105.000000
75 83 3523.000000
75 82 1768.000000
75 81 478.000000
75 80 1520.000000
75 79 2715.000000
75 78 3640.000000
75 77 800.000000
75 76 2289.000000
76 99 1773.000000
76 98 1989.000000
76 97 454.000000
76 96 1863.000000
76 95 1741.000000
76 94 2149.000000
76 93 2246.000000
76 92 724.000000
76 91 1347.000000
76 90 553.000000
76 89 1554.000000
76 88 1663.000000
76 87 2139.000000
76 86 526.000000
76 85 469.000000
76 84 1188.000000
76 83 1584.000000
76 82 783.000000
76 81 1926.000000
76 80 832.000000
76 79 1818.000000
76 78 1888.000000
76 77 1794.000000
77 99 671.000000
77 98 3736.000000
77 97 2225.000000
77 96 3087.000000
77 95 68.000000
77 94 875.000000
77 93 3801.000000
77 92 2037.000000
77 91 2642.000000
77 90 2322.000000
77 89 3082.000000
77 88 2512.000000
77 87 3661.000000
77 86 1295.000000
77 85 1538.000000
77 84 709.000000
77 83 3247.000000
77 82 1113.000000
77 81 858.000000
77 80 1223.000000
77 79 2762.000000
77 78 3447.000000
78 99 3608.000000
78 98 782.000000
78 97 1471.000000
78 96 767.000000
78 95 3382.000000
78 94 3413.000000
78 93 361.000000
78 92 1409.000000
78 91 878.000000
78 90 1385.000000
78 89 364.000000
78 88 1392.000000
78 87 259.000000
78 86 2220.000000
78 85 2352.000000
78 84 2739.000000
78 83 408.000000
78 82 2642.000000
78 81 3169.000000
78 80 2225.000000
78 79 1240.000000
79 99 3132.000000
79 98 1970.000000
79 97 1635.000000
79 96 496.000000
79 95 2693.000000
79 94 2462.000000
79 93 1457.000000
79 92 1094.000000
79 91 606.000000
79 90 1614.000000
79 89 1022.000000
79 88 253.000000
79 87 1297.000000
79 86 1840.000000
79 85 2237.000000
79 84 2088.000000
79 83 1403.000000
79 82 2333.000000
79 81 2238.000000
79 80 1631.000000
80 99 1502.000000
80 98 2567.000000
80 97 1146.000000
80 96 1892.000000
80 95 1157.000000
80 94 1349.000000
80 93 2578.000000
80 92 819.000000
80 91 1425.000000
80 90 1229.000000
80 89 1861.000000
80 88 1398.000000
80 87 2438.000000
80 86 385.000000
80 85 929.000000
80 84 514.000000
80 83 2045.000000
80 82 791.000000
80 81 1114.000000
81 99 1512.000000
81 98 3624.000000
81 97 2260.000000
81 96 2651.000000
81 95 813.000000
81 94 245.000000
81 93 3497.000000
81 92 1844.000000
81 91 2299.000000
81 90 2341.000000
81 89 2815.000000
81 88 1987.000000
81 87 3343.000000
81 86 1412.000000
81 85 1875.000000
81 84 801.000000
81 83 3067.000000
81 82 1531.000000
82 99 990.000000
82 98 2770.000000
82 97 1237.000000
82 96 2499.000000
82 95 1074.000000
82 94 1703.000000
82 93 3003.000000
82 92 1316.000000
82 91 1988.000000
82 90 1336.000000
82 89 2293.000000
82 88 2123.000000
82 87 2885.000000
82 86 492.000000
82 85 427.000000
82 84 735.000000
82 83 2360.000000
83 99 3343.000000
83 98 593.000000
83 97 1142.000000
83 96 1005.000000
83 95 3184.000000
83 94 3312.000000
83 93 710.000000
83 92 1234.000000
83 91 889.000000
83 90 1048.000000
83 89 382.000000
83 88 1493.000000
83 87 656.000000
83 86 1977.000000
83 85 2035.000000
83 84 2551.000000
84 99 1074.000000
84 98 3058.000000
84 97 1581.000000
84 96 2388.000000
84 95 643.000000
84 94 993.000000
84 93 3092.000000
84 92 1331.000000
84 91 1934.000000
84 90 1673.000000
84 89 2375.000000
84 88 1843.000000
84 87 2952.000000
84 86 662.000000
84 85 1076.000000
85 99 1380.000000
85 98 2399.000000
85 97 893.000000
85 96 2320.000000
85 95 1497.000000
85 94 2069.000000
85 93 2709.000000
85 92 1153.000000
85 91 1803.000000
85 90 988.000000
85 89 2022.000000
85 88 2059.000000
85 87 2605.000000
85 86 544.000000
86 99 1390.000000
86 98 2444.000000
86 97 932.000000
86 96 2018.000000
86 95 1237.000000
86 94 1629.000000
86 93 2581.000000
86 92 845.000000
86 91 1514.000000
86 90 1027.000000
86 89 1862.000000
86 88 1632.000000
86 87 2454.000000
87 99 3844.000000
87 98 904.000000
87 97 1727.000000
87 96 801.000000
87 95 3595.000000
87 94 3584.000000
87 93 160.000000
87 92 1629.000000
87 91 1045.000000
87 90 1642.000000
87 89 593.000000
87 88 1484.000000
88 99 2895.000000
88 98 2079.000000
88 97 1536.000000
88 96 702.000000
88 95 2444.000000
88 94 2212.000000
88 93 1645.000000
88 92 945.000000
88 91 621.000000
88 90 1529.000000
88 89 1125.000000
89 99 3251.000000
89 98 955.000000
89 97 1159.000000
89 96 633.000000
89 95 3017.000000
89 94 3059.000000
89 93 721.000000
89 92 1045.000000
89 91 547.000000
89 90 1082.000000
90 99 2326.000000
90 98 1435.000000
90 97 99.000000
90 96 1518.000000
90 95 2265.000000
90 94 2577.000000
90 93 1735.000000
90 92 662.000000
90 91 1041.000000
91 99 2891.000000
91 98 1482.000000
91 97 1079.000000
91 96 517.000000
91 95 2575.000000
91 94 2541.000000
91 93 1198.000000
91 92 672.000000
92 99 2231.000000
92 98 1779.000000
92 97 636.000000
92 96 1184.000000
92 95 1973.000000
92 94 2089.000000
92 93 1765.000000
93 99 3969.000000
93 98 841.000000
93 97 1823.000000
93 96 960.000000
93 95 3735.000000
93 94 3739.000000
94 99 1546.000000
94 98 3869.000000
94 97 2495.000000
94 96 2885.000000
94 95 846.000000
95 99 703.000000
95 98 3677.000000
95 97 2169.000000
95 96 3020.000000
96 99 3381.000000
96 98 1531.000000
96 97 1568.000000
97 99 2227.000000
97 98 1535.000000
98 99 3760.000000
